,Navn,Long,Lat
235,"13/28, Nittedal",60.059493,10.843633
378,"41/19, Hakadal",60.08152,10.840117
379,"13/1, Nittedal",60.035325,10.831963
390,"18/17, Nittedal",60.079175,10.920411
419,"13/1-1, Nittedal",60.05886,10.82583
421,"13/11, Nittedal",60.054559,10.836748
422,"13/11-1, Nittedal",60.055531,10.83664
432,"12/150, Nittedal",60.036509,10.875564
35914,"18/2, Nittedal",60.080601,10.923982
36716,"19/1, Nittedal",60.058225,10.899028
46239,"15/291, Nittedal",60.061336,10.851968
64554,"Tajet 22, Nittedal",60.056756,10.875323
64627,"Askveien 69A, Nittedal",60.064046,10.909488
64638,"Askveien 91, Nittedal",60.066266,10.911762
64639,"Askveien 93, Nittedal",60.066685,10.912749
64640,"Askveien 95, Nittedal",60.066946,10.91362
64641,"Askveien 97, Nittedal",60.067324,10.912587
64642,"Askveien 77, Nittedal",60.063722,10.91017
64643,"Askveien 81, Nittedal",60.06408,10.91104
64644,"Askveien 87, Nittedal",60.065247,10.911879
64645,"Askveien 89, Nittedal",60.065874,10.913029
64646,"Askveien 71, Nittedal",60.063574,10.908616
64647,"Askveien 73, Nittedal",60.063645,10.909321
64648,"Askveien 75, Nittedal",60.063588,10.909497
64649,"Askveien 65, Nittedal",60.064203,10.908598
64650,"Askveien 69B, Nittedal",60.063782,10.909113
64651,"Askveien 70, Nittedal",60.065473,10.910657
64652,"Bakkeveien 20, Nittedal",60.05357,10.860636
64656,"Bakkeveien 12, Nittedal",60.052668,10.862184
64657,"Bakkeveien 14, Nittedal",60.052851,10.861745
64658,"Bakkeveien 16, Nittedal",60.05307,10.861039
64659,"Bakkeveien 18, Nittedal",60.05329,10.860566
64660,"Bakkeveien 5, Nittedal",60.052863,10.863596
64661,"Bakkeveien 7, Nittedal",60.053529,10.861074
64662,"Bakkeveien 8, Nittedal",60.052486,10.863575
64663,"Bakkeveien 10, Nittedal",60.052583,10.863077
64664,"Askveien 99, Nittedal",60.066516,10.911508
64665,"Bakkeveien 2, Nittedal",60.052248,10.865806
64666,"Bakkeveien 3, Nittedal",60.052515,10.864744
64667,"Bakkeveien 4, Nittedal",60.052272,10.865412
64668,"Askveien 15, Nittedal",60.059383,10.894539
64669,"Askveien 16, Nittedal",60.059749,10.894229
64670,"Askveien 18, Nittedal",60.059657,10.894916
64671,"Askveien 20, Nittedal",60.060027,10.895355
64672,"Askveien 8, Nittedal",60.059565,10.891632
64673,"Askveien 10, Nittedal",60.059904,10.891845
64674,"Askveien 12, Nittedal",60.059618,10.892039
64675,"Askveien 14, Nittedal",60.059715,10.892483
64676,"Askeladdveien 18, Nittedal",60.054212,10.858709
64677,"Askeladdveien 20, Nittedal",60.053907,10.858517
64678,"Askeladdveien 22, Nittedal",60.053637,10.858531
64679,"Askeladdveien 24, Nittedal",60.053347,10.858558
64680,"Askeladdveien 9, Nittedal",60.055228,10.858231
64681,"Askeladdveien 11, Nittedal",60.054644,10.858234
64682,"Askeladdveien 12, Nittedal",60.055618,10.859242
64683,"Askeladdveien 14A, Nittedal",60.055437,10.859225
64684,"Askveien 56, Nittedal",60.064334,10.906597
64685,"Askveien 59, Nittedal",60.063702,10.907222
64686,"Askveien 61, Nittedal",60.063563,10.90788
64687,"Askveien 63, Nittedal",60.064062,10.9078
64688,"Askveien 47, Nittedal",60.061761,10.907307
64689,"Askveien 50, Nittedal",60.062558,10.903077
64690,"Askveien 51, Nittedal",60.062694,10.907942
64691,"Askveien 55, Nittedal",60.062318,10.90546
64692,"Askveien 42, Nittedal",60.060144,10.90405
64693,"Askveien 43, Nittedal",60.060344,10.905285
64694,"Askveien 44, Nittedal",60.060358,10.904445
64695,"Askveien 45, Nittedal",60.060721,10.905359
64696,"Askveien 22, Nittedal",60.059797,10.895822
64697,"Askveien 25, Nittedal",60.058296,10.899253
64698,"Askveien 40, Nittedal",60.059921,10.90373
64699,"Askveien 41, Nittedal",60.060157,10.905167
64700,"Alf Prøysens vei 5A, Nittedal",60.054267,10.867461
64701,"Alf Prøysens vei 5C, Nittedal",60.054142,10.867835
64702,"Alf Prøysens vei 6, Nittedal",60.053782,10.868142
64703,"Alf Prøysens vei 7A, Nittedal",60.053999,10.867145
64705,"Alf Prøysens vei 1, Nittedal",60.054451,10.86823
64706,"Alf Prøysens vei 2B, Nittedal",60.054225,10.868954
64707,"Alf Prøysens vei 4A, Nittedal",60.054014,10.868268
64716,"Askeladdveien 4B, Nittedal",60.056252,10.85963
64717,"Askeladdveien 5, Nittedal",60.055662,10.858406
64718,"Askeladdveien 7, Nittedal",60.055444,10.858298
64719,"Askeladdveien 8, Nittedal",60.055815,10.859613
64720,"Askeladdveien 1, Nittedal",60.056188,10.858412
64721,"Askeladdveien 2, Nittedal",60.056376,10.859215
64722,"Askeladdveien 3, Nittedal",60.055897,10.85843
64723,"Askeladdveien 4A, Nittedal",60.056348,10.859208
64728,"Alf Prøysens vei 8, Nittedal",60.053712,10.867775
64729,"Alf Prøysens vei 9, Nittedal",60.054316,10.866929
64730,"Alf Prøysens vei 10, Nittedal",60.053666,10.867162
64731,"Alf Prøysens vei 12, Nittedal",60.054009,10.866427
64849,"Blindveien 3, Nittedal",60.056967,10.866567
64850,"Blindveien 4, Nittedal",60.056916,10.867205
64853,"Blindveien 1B, Nittedal",60.057278,10.866194
64854,"Blindveien 1C, Nittedal",60.057106,10.866483
64855,"Blindveien 2A, Nittedal",60.057548,10.867076
64856,"Blindveien 2B, Nittedal",60.057186,10.866956
64860,"Blindveien 1A, Nittedal",60.057586,10.866298
64905,"Bjertnestangen 11, Nittedal",60.051398,10.885002
64906,"Bjertnestangen 13, Nittedal",60.052047,10.885714
64908,"Bjertnestangen 5, Nittedal",60.050344,10.883569
64909,"Bjertnestangen 7, Nittedal",60.050565,10.883833
64910,"Bjertnestangen 9, Nittedal",60.050924,10.883836
64927,"Bjertnesveien 3B, Nittedal",60.052612,10.87628
64928,"Bjertnesveien 4, Nittedal",60.05238,10.876806
64929,"Bjertnesveien 7, Nittedal",60.052072,10.876358
64930,"Bjertnesveien 9, Nittedal",60.051962,10.875238
64931,"Bjertnesveien 1B, Nittedal",60.052909,10.876261
64932,"Bjertnesveien 2A, Nittedal",60.052856,10.876851
64933,"Bjertnesveien 2B, Nittedal",60.052693,10.876896
64934,"Bjertnesveien 3A, Nittedal",60.052684,10.876285
64935,"Bjerkeveien 6, Nittedal",60.062224,10.861666
64936,"Bjerkeveien 7, Nittedal",60.062438,10.860532
64937,"Bjerkeveien 8, Nittedal",60.062204,10.861332
64938,"Bjertnesveien 1A, Nittedal",60.052981,10.876248
64941,"Bjerkeveien 2, Nittedal",60.062261,10.862273
64942,"Bjerkeveien 3, Nittedal",60.062625,10.861448
64943,"Bjertnestangen 10, Nittedal",60.051073,10.882821
64944,"Bjertnestangen 8, Nittedal",60.050733,10.882747
64945,"Bjertnesveien 19C, Nittedal",60.051603,10.875846
64946,"Bjertnesveien 19D, Nittedal",60.051568,10.875826
64947,"Bjertnesveien 19E, Nittedal",60.051523,10.875824
64948,"Bjertnesveien 19F, Nittedal",60.051487,10.875821
64949,"Bjertnesveien 13, Nittedal",60.051541,10.87516
64950,"Bjertnesveien 15A, Nittedal",60.051348,10.875207
64951,"Bjertnesveien 19A, Nittedal",60.051684,10.875869
64952,"Bjertnesveien 19B, Nittedal",60.051639,10.875848
64953,"Bjertnesveien 12A, Nittedal",60.051344,10.876424
64954,"Bjertnesveien 12B, Nittedal",60.051351,10.876514
64955,"Bjertnesveien 12C, Nittedal",60.05135,10.876604
64956,"Bjertnesveien 12D, Nittedal",60.051367,10.876713
65038,"Berget 6, Nittedal",60.052946,10.881226
65039,"Berget 8A, Nittedal",60.052702,10.881428
65040,"Berget 10, Nittedal",60.052329,10.881689
65041,"Berget 14, Nittedal",60.051674,10.881598
65044,"Berget 2, Nittedal",60.053872,10.880555
65045,"Berget 4, Nittedal",60.053311,10.881421
65052,"Eventyrveien 2A, Nittedal",60.054481,10.859699
65053,"Eventyrveien 2B, Nittedal",60.054811,10.859862
65054,"Eventyrveien 3A, Nittedal",60.055132,10.859377
65055,"Eventyrveien 3B, Nittedal",60.055216,10.859056
65146,"Bråtaveien 12, Nittedal",60.053024,10.871282
65150,"Bråtaveien 7, Nittedal",60.052971,10.873122
65151,"Bråtaveien 8, Nittedal",60.052834,10.872379
65152,"Bråtaveien 10, Nittedal",60.05294,10.871557
65153,"Bråtaveien 11, Nittedal",60.053369,10.871921
65154,"Bråtaveien 5A, Nittedal",60.052739,10.873902
65155,"Bråtaveien 3, Nittedal",60.053059,10.873899
65156,"Bråtaveien 4, Nittedal",60.052281,10.873347
65157,"Bråtaveien 6, Nittedal",60.052697,10.872801
65160,"Bråtaveien 1, Nittedal",60.052419,10.874486
65161,"Bråtaveien 2, Nittedal",60.052077,10.873761
65259,"Myrveien 39, Nittedal",60.052216,10.862437
65260,"Branngata 3, Nittedal",60.052347,10.862085
65261,"Branngata 5, Nittedal",60.052583,10.861547
65286,"Branngata 9, Nittedal",60.052986,10.860335
65309,"Gaustadgata 13, Nittedal",60.035777,10.901644
65310,"Gaustadgata 15, Nittedal",60.036049,10.90148
65311,"Gaustadgata 17, Nittedal",60.036325,10.901237
65312,"Gaustadgata 19, Nittedal",60.037194,10.90095
65313,"Gaustadgata 9, Nittedal",60.034515,10.895109
65314,"Gaustadgata 10, Nittedal",60.036587,10.89591
65315,"Gaustadgata 11, Nittedal",60.031734,10.90423
65316,"Gaustadgata 12, Nittedal",60.037188,10.895962
65317,"Gaustadgata 1, Nittedal",60.032873,10.894979
65318,"Gaustadgata 3, Nittedal",60.033334,10.894772
65319,"Gaustadgata 5, Nittedal",60.033711,10.894793
65320,"Gaustadgata 7, Nittedal",60.034191,10.89518
65337,"Gaustadgata 21, Nittedal",60.038349,10.901905
65558,"Eventyrveien 8, Nittedal",60.054969,10.858139
65559,"Eventyrveien 4, Nittedal",60.054839,10.859087
65560,"Eventyrveien 5, Nittedal",60.055343,10.857578
65561,"Eventyrveien 6, Nittedal",60.054841,10.85871
65562,"Eventyrveien 7, Nittedal",60.055382,10.856289
65779,"Eventyrveien 9A, Nittedal",60.055491,10.855589
65788,"Eventyrveien 13B, Nittedal",60.056002,10.854717
65789,"Eventyrveien 14, Nittedal",60.055023,10.856191
65790,"Eventyrveien 18, Nittedal",60.055075,10.854902
65792,"Eventyrveien 9B, Nittedal",60.055495,10.855319
65793,"Eventyrveien 11A, Nittedal",60.055711,10.854791
65794,"Eventyrveien 11B, Nittedal",60.055753,10.854793
65795,"Eventyrveien 13A, Nittedal",60.05596,10.854724
66007,"Høgdaveien 15, Nittedal",60.061044,10.861129
66008,"Høgdaveien 16, Nittedal",60.060159,10.860529
66009,"Høgdaveien 17, Nittedal",60.06125,10.861212
66010,"Høgdaveien 18, Nittedal",60.060447,10.860461
66011,"Høgdaveien 11, Nittedal",60.06086,10.862502
66012,"Høgdaveien 12, Nittedal",60.060325,10.861358
66013,"Høgdaveien 13, Nittedal",60.060808,10.86196
66014,"Høgdaveien 14, Nittedal",60.06011,10.861184
66015,"Høgdaveien 7, Nittedal",60.060546,10.862286
66016,"Høgdaveien 8, Nittedal",60.060154,10.862654
66017,"Høgdaveien 9, Nittedal",60.060691,10.862386
66018,"Høgdaveien 10, Nittedal",60.060098,10.861974
66019,"Høgdaveien 2A, Nittedal",60.060099,10.863138
66020,"Høgdaveien 3, Nittedal",60.060429,10.86334
66021,"Høgdaveien 4, Nittedal",60.059754,10.862418
66022,"Høgdaveien 5, Nittedal",60.060463,10.862875
66023,"Høgdaveien 26B, Nittedal",60.061463,10.859544
66024,"Høgdaveien 27, Nittedal",60.062847,10.860044
66025,"Høgdaveien 28A, Nittedal",60.061855,10.859841
66026,"Høgdaveien 28B, Nittedal",60.061667,10.859466
66027,"Høgdaveien 23, Nittedal",60.06239,10.860134
66029,"Høgdaveien 24, Nittedal",60.061335,10.860187
66030,"Høgdaveien 25, Nittedal",60.062623,10.860267
66031,"Høgdaveien 26A, Nittedal",60.06158,10.859998
66032,"Høgdaveien 21C, Nittedal",60.062052,10.860988
66033,"Høgdaveien 22A, Nittedal",60.060893,10.860384
66034,"Høgdaveien 22B, Nittedal",60.060976,10.860262
66035,"Høgdaveien 22C, Nittedal",60.060865,10.859825
66036,"Høgdaveien 19, Nittedal",60.061482,10.860812
66037,"Høgdaveien 20, Nittedal",60.060677,10.860537
66038,"Høgdaveien 21A, Nittedal",60.061755,10.860615
66039,"Høgdaveien 21B, Nittedal",60.061812,10.860899
66045,"Hulderveien 15, Nittedal",60.056719,10.85684
66046,"Høgdaveien 1A, Nittedal",60.059406,10.863282
66047,"Høgdaveien 1B, Nittedal",60.059482,10.863646
66048,"Hulderveien 7, Nittedal",60.056786,10.858999
66049,"Hulderveien 8, Nittedal",60.056329,10.857666
66050,"Hulderveien 9, Nittedal",60.056684,10.858481
66051,"Hulderveien 10, Nittedal",60.056258,10.85706
66052,"Hulderveien 4A, Nittedal",60.056649,10.859954
66053,"Hulderveien 4B, Nittedal",60.056609,10.859397
66054,"Hulderveien 5, Nittedal",60.056958,10.859386
66055,"Hulderveien 6B, Nittedal",60.056371,10.858227
66057,"Hulderveien 2A, Nittedal",60.056899,10.860931
66058,"Hulderveien 2C, Nittedal",60.056823,10.859987
66059,"Hulderveien 3, Nittedal",60.057168,10.859678
66227,"Høgdaveien 53, Nittedal",60.064038,10.858866
66228,"Høgdaveien 55, Nittedal",60.064259,10.858615
66229,"Høgdaveien 56, Nittedal",60.064204,10.857656
66230,"Høgdaveien 57, Nittedal",60.064279,10.859166
66231,"Høgdaveien 42, Nittedal",60.063215,10.858125
66232,"Høgdaveien 44, Nittedal",60.063393,10.858068
66233,"Høgdaveien 46, Nittedal",60.063459,10.858618
66234,"Høgdaveien 50, Nittedal",60.063649,10.857951
66235,"Høgdaveien 36A, Nittedal",60.062709,10.859163
66236,"Høgdaveien 38A, Nittedal",60.062965,10.858969
66237,"Høgdaveien 38B, Nittedal",60.062942,10.858505
66238,"Høgdaveien 40, Nittedal",60.063186,10.858597
66240,"Høgdaveien 32A, Nittedal",60.062262,10.859476
66241,"Høgdaveien 32B, Nittedal",60.062196,10.859109
66242,"Høgdaveien 33, Nittedal",60.063596,10.859188
66243,"Høgdaveien 34A, Nittedal",60.062471,10.859287
66248,"Høgdaveien 66, Nittedal",60.064778,10.857496
66252,"Høgdaveien 62, Nittedal",60.064488,10.857442
66253,"Høgdaveien 63, Nittedal",60.064867,10.858687
66254,"Høgdaveien 64, Nittedal",60.064758,10.857185
66255,"Høgdaveien 65, Nittedal",60.06476,10.858276
66256,"Høgdaveien 58, Nittedal",60.064276,10.858059
66257,"Høgdaveien 59, Nittedal",60.064559,10.859045
66258,"Høgdaveien 60, Nittedal",60.064546,10.857752
66259,"Høgdaveien 61, Nittedal",60.064477,10.858429
66485,"Kvernstuveien 15D, Nittedal",60.049225,10.876579
66486,"Kvernstuveien 17A, Nittedal",60.049023,10.87654
66487,"Kvernstuveien 17B, Nittedal",60.048936,10.876524
66488,"Kvernstuveien 17C, Nittedal",60.048909,10.876526
66489,"Kvernstuveien 13, Nittedal",60.049129,10.877038
66490,"Kvernstuveien 15A, Nittedal",60.049431,10.87661
66491,"Kvernstuveien 15B, Nittedal",60.049343,10.876594
66492,"Kvernstuveien 15C, Nittedal",60.049319,10.876587
66495,"Kvernstuveien 1, Nittedal",60.049009,10.880189
66496,"Kvernstuveien 2, Nittedal",60.047707,10.880725
66501,"Kruttverkveien 33, Nittedal",60.054125,10.85983
66502,"Kruttverkveien 34A, Nittedal",60.053486,10.860112
66503,"Kruttverkveien 34B, Nittedal",60.053298,10.860058
66504,"Kruttverkveien 35, Nittedal",60.054025,10.859578
66505,"Kruttverkveien 28, Nittedal",60.054626,10.86115
66506,"Kruttverkveien 29, Nittedal",60.054676,10.860082
66507,"Kruttverkveien 31, Nittedal",60.054336,10.859646
66508,"Kruttverkveien 32, Nittedal",60.053869,10.860267
66509,"Kruttverkveien 21, Nittedal",60.055706,10.860672
66510,"Kruttverkveien 22, Nittedal",60.055444,10.861295
66511,"Kruttverkveien 24, Nittedal",60.055187,10.861331
66512,"Kruttverkveien 27, Nittedal",60.055165,10.860593
66513,"Kruttverkveien 14B, Nittedal",60.05596,10.86122
66514,"Kruttverkveien 15, Nittedal",60.056527,10.860497
66515,"Kruttverkveien 17, Nittedal",60.056093,10.860149
66516,"Kruttverkveien 19, Nittedal",60.055968,10.860559
66529,"Kruttverkveien 36, Nittedal",60.053078,10.859875
66530,"Kruttverkveien 37, Nittedal",60.053748,10.859389
66531,"Kruttverkveien 39, Nittedal",60.053414,10.859402
66532,"Kruttverkveien 41, Nittedal",60.05326,10.859162
66533,"Kruttverkveien 12A, Nittedal",60.056343,10.86176
66534,"Kruttverkveien 12B, Nittedal",60.056334,10.861327
66535,"Kruttverkveien 14A, Nittedal",60.056014,10.861815
66536,"Kruttverkveien 7, Nittedal",60.057313,10.860872
66537,"Kruttverkveien 8A, Nittedal",60.056797,10.861865
66538,"Kruttverkveien 8B, Nittedal",60.056692,10.86217
66539,"Kruttverkveien 10, Nittedal",60.056586,10.861539
66540,"Kruttverkveien 1, Nittedal",60.057727,10.861696
66541,"Kruttverkveien 2, Nittedal",60.057626,10.862127
66542,"Kruttverkveien 3, Nittedal",60.05759,10.861103
66543,"Kruttverkveien 5, Nittedal",60.057541,10.860353
66590,"Liaveien 8, Nittedal",60.059082,10.861079
66591,"Liaveien 10, Nittedal",60.059107,10.860572
66592,"Liaveien 12, Nittedal",60.058932,10.860467
66593,"Liaveien 16, Nittedal",60.05915,10.859797
66594,"Liaveien 2, Nittedal",60.059052,10.863512
66595,"Liaveien 4A, Nittedal",60.059035,10.862219
66596,"Liaveien 4B, Nittedal",60.05904,10.862543
66597,"Liaveien 6, Nittedal",60.059033,10.861565
66666,"Kvernstuveien 45, Nittedal",60.048162,10.868359
66667,"Kvernstuveien 47, Nittedal",60.04831,10.868062
66685,"Kvernstuveien 23B, Nittedal",60.047324,10.875312
66686,"Kvernstuveien 23C, Nittedal",60.047288,10.875305
66687,"Kvernstuveien 23D, Nittedal",60.047251,10.875301
66688,"Kvernstuveien 23E, Nittedal",60.047208,10.875295
66689,"Kvernstuveien 21C, Nittedal",60.048086,10.876239
66690,"Kvernstuveien 21D, Nittedal",60.047996,10.876252
66691,"Kvernstuveien 21E, Nittedal",60.047969,10.87625
66692,"Kvernstuveien 23A, Nittedal",60.047361,10.875314
66693,"Kvernstuveien 19D, Nittedal",60.048419,10.87631
66694,"Kvernstuveien 19E, Nittedal",60.04839,10.876298
66695,"Kvernstuveien 21A, Nittedal",60.048202,10.876282
66696,"Kvernstuveien 21B, Nittedal",60.048113,10.876259
66697,"Kvernstuveien 17D, Nittedal",60.04882,10.876511
66698,"Kvernstuveien 19A, Nittedal",60.048622,10.87634
66699,"Kvernstuveien 19B, Nittedal",60.048529,10.876324
66700,"Kvernstuveien 19C, Nittedal",60.048503,10.876322
66701,"Kvernstuveien 39, Nittedal",60.047801,10.869504
66702,"Kvernstuveien 40, Nittedal",60.04791,10.867365
66703,"Kvernstuveien 41, Nittedal",60.047897,10.86926
66704,"Kvernstuveien 43, Nittedal",60.048066,10.868803
66705,"Kvernstuveien 31E, Nittedal",60.046857,10.874813
66706,"Kvernstuveien 31F, Nittedal",60.046818,10.874811
66707,"Kvernstuveien 33, Nittedal",60.046639,10.875026
66708,"Kvernstuveien 37, Nittedal",60.047596,10.869908
66709,"Kvernstuveien 31A, Nittedal",60.047011,10.874822
66710,"Kvernstuveien 31B, Nittedal",60.046973,10.874822
66711,"Kvernstuveien 31C, Nittedal",60.046939,10.874816
66712,"Kvernstuveien 31D, Nittedal",60.046896,10.874816
66713,"Kvernstuveien 23F, Nittedal",60.047168,10.875293
66714,"Kvernstuveien 25, Nittedal",60.047689,10.874457
66715,"Kvernstuveien 27, Nittedal",60.047444,10.874527
66716,"Kvernstuveien 29, Nittedal",60.047203,10.8746
66846,"Lysgata 16, Nittedal",60.055274,10.862372
66850,"Lysgata 10, Nittedal",60.056229,10.862787
66851,"Lysgata 11, Nittedal",60.055909,10.862289
66852,"Lysgata 12, Nittedal",60.05591,10.862692
66853,"Lysgata 14, Nittedal",60.05544,10.862428
66854,"Lysgata 6, Nittedal",60.05671,10.863189
66855,"Lysgata 7, Nittedal",60.056565,10.862184
66856,"Lysgata 8, Nittedal",60.056472,10.863081
66857,"Lysgata 9, Nittedal",60.056277,10.862335
66874,"Lyngveien 3A, Nittedal",60.061124,10.862522
66875,"Lyngveien 3B, Nittedal",60.061111,10.862936
66876,"Lyngveien 3C, Nittedal",60.060983,10.863154
66877,"Lyngveien 4, Nittedal",60.061392,10.862074
66878,"Lundveien 15, Nittedal",60.049948,10.867131
66880,"Lundveien 17A, Nittedal",60.050321,10.867494
66881,"Lyngveien 1, Nittedal",60.060615,10.861714
66882,"Lyngveien 2, Nittedal",60.061157,10.861776
66883,"Lundveien 11A, Nittedal",60.05018,10.865995
66884,"Lundveien 11B, Nittedal",60.050194,10.866265
66885,"Lundveien 13A, Nittedal",60.050249,10.866807
66886,"Lundveien 6, Nittedal",60.05104,10.867391
66887,"Lundveien 8, Nittedal",60.051054,10.867086
66888,"Lundveien 9, Nittedal",60.050097,10.865505
66889,"Lundveien 10, Nittedal",60.050819,10.867218
66890,"Lyngveien 27, Nittedal",60.063351,10.863181
66891,"Lysgata 2A, Nittedal",60.057145,10.863429
66892,"Lysgata 3, Nittedal",60.05701,10.862448
66893,"Lysgata 4, Nittedal",60.05703,10.863004
66894,"Lyngveien 16, Nittedal",60.063887,10.862061
66895,"Lyngveien 19, Nittedal",60.062066,10.863216
66896,"Lyngveien 21, Nittedal",60.062381,10.863144
66897,"Lyngveien 23, Nittedal",60.062921,10.863301
66898,"Lyngveien 10, Nittedal",60.061991,10.86217
66899,"Lyngveien 11, Nittedal",60.061612,10.86391
66900,"Lyngveien 14, Nittedal",60.063221,10.862301
66901,"Lyngveien 5, Nittedal",60.061406,10.86275
66902,"Lyngveien 6, Nittedal",60.061506,10.861532
66903,"Lyngveien 8, Nittedal",60.061631,10.862186
66911,"Lyngveien 9A, Nittedal",60.061335,10.863506
66921,"Lundveien 3C, Nittedal",60.050853,10.866069
66922,"Lundveien 3D, Nittedal",60.050839,10.866409
66923,"Lundveien 4, Nittedal",60.051328,10.867353
66924,"Lundveien 5A, Nittedal",60.050567,10.866591
66926,"Lundveien 2, Nittedal",60.051362,10.866906
66927,"Lundveien 3A, Nittedal",60.051219,10.865536
66928,"Lundveien 3B, Nittedal",60.050805,10.865617
66937,"Myrveien 50B, Nittedal",60.051954,10.863149
66938,"Myrveien 52, Nittedal",60.051686,10.863009
66939,"Nedre Bjertnes 1A, Nittedal",60.05117,10.87724
66940,"Nedre Bjertnes 1B, Nittedal",60.051199,10.877152
66941,"Myrveien 46, Nittedal",60.052816,10.863108
66942,"Myrveien 48A, Nittedal",60.052286,10.863168
66943,"Myrveien 48B, Nittedal",60.05222,10.86338
66944,"Myrveien 50A, Nittedal",60.051967,10.862963
66945,"Myrveien 40, Nittedal",60.053632,10.863855
66946,"Myrveien 42, Nittedal",60.053272,10.863728
66947,"Myrveien 44A, Nittedal",60.053256,10.863151
66948,"Myrveien 44B, Nittedal",60.053023,10.863084
66949,"Myrveien 36, Nittedal",60.053925,10.86344
66950,"Myrveien 37, Nittedal",60.052547,10.8625
66951,"Myrveien 38A, Nittedal",60.05357,10.863169
66952,"Myrveien 38B, Nittedal",60.053585,10.863367
66953,"Nedre Bjertnes 7B, Nittedal",60.050141,10.876728
66954,"Nedre Bjertnes 7C, Nittedal",60.050108,10.876726
66955,"Nedre Bjertnes 7D, Nittedal",60.050019,10.87671
66956,"Nedre Bjertnes 8, Nittedal",60.05077,10.878662
66957,"Nedre Bjertnes 5C, Nittedal",60.050451,10.876648
66958,"Nedre Bjertnes 5D, Nittedal",60.050365,10.876633
66959,"Nedre Bjertnes 6, Nittedal",60.05102,10.878511
66960,"Nedre Bjertnes 7A, Nittedal",60.050227,10.876741
66961,"Nedre Bjertnes 3C, Nittedal",60.050791,10.876703
66962,"Nedre Bjertnes 3D, Nittedal",60.050702,10.876688
66963,"Nedre Bjertnes 5A, Nittedal",60.050568,10.876671
66964,"Nedre Bjertnes 5B, Nittedal",60.050478,10.876653
66965,"Nedre Bjertnes 1C, Nittedal",60.051263,10.877048
66966,"Nedre Bjertnes 1D, Nittedal",60.051291,10.87696
66967,"Nedre Bjertnes 3A, Nittedal",60.050907,10.876721
66968,"Nedre Bjertnes 3B, Nittedal",60.05082,10.876705
66969,"Myrveien 17A, Nittedal",60.055326,10.863501
66970,"Myrveien 17B, Nittedal",60.05526,10.86303
66971,"Myrveien 17C, Nittedal",60.055202,10.863332
66972,"Myrveien 18A, Nittedal",60.056378,10.865628
66973,"Myrveien 13, Nittedal",60.055591,10.863786
66974,"Myrveien 14, Nittedal",60.05655,10.864587
66975,"Myrveien 15, Nittedal",60.055574,10.863102
66976,"Myrveien 16A, Nittedal",60.056679,10.865121
66977,"Myrveien 9D, Nittedal",60.056072,10.863435
66978,"Myrveien 10, Nittedal",60.056878,10.865204
66979,"Myrveien 11A, Nittedal",60.05588,10.863802
66980,"Myrveien 11B, Nittedal",60.055838,10.86344
66981,"Myrveien 8, Nittedal",60.056679,10.865615
66982,"Myrveien 9A, Nittedal",60.056396,10.864025
66983,"Myrveien 9B, Nittedal",60.056342,10.864036
66984,"Myrveien 9C, Nittedal",60.056263,10.863656
66985,"Myrveien 31, Nittedal",60.053716,10.862369
66986,"Myrveien 32, Nittedal",60.054558,10.863781
66987,"Myrveien 33, Nittedal",60.053438,10.862335
66988,"Myrveien 35, Nittedal",60.053277,10.86229
66989,"Myrveien 26, Nittedal",60.055429,10.864459
66990,"Myrveien 27, Nittedal",60.054214,10.862738
66991,"Myrveien 29, Nittedal",60.053974,10.862545
66992,"Myrveien 30, Nittedal",60.054781,10.86384
66993,"Myrveien 22A, Nittedal",60.056038,10.864995
66994,"Myrveien 23A, Nittedal",60.05475,10.863084
66995,"Myrveien 24, Nittedal",60.055718,10.864367
66996,"Myrveien 25, Nittedal",60.05448,10.86295
66997,"Myrveien 19A, Nittedal",60.054948,10.862558
66998,"Myrveien 19B, Nittedal",60.054735,10.861943
66999,"Myrveien 20, Nittedal",60.056262,10.864736
67000,"Myrveien 21, Nittedal",60.054907,10.863201
67017,"Myrveien 4, Nittedal",60.057065,10.865757
67018,"Myrveien 5, Nittedal",60.056833,10.863581
67019,"Myrveien 6, Nittedal",60.056819,10.865903
67020,"Myrveien 7, Nittedal",60.056737,10.86403
67022,"Myrveien 1, Nittedal",60.057202,10.864184
67023,"Myrveien 2, Nittedal",60.057288,10.865412
67024,"Myrveien 3, Nittedal",60.057014,10.864042
67038,"Nygårdsbakken 4F, Nittedal",60.048951,10.869668
67039,"Nygårdsbakken 4G, Nittedal",60.048926,10.86957
67040,"Nygårdsbakken 4H, Nittedal",60.048927,10.869516
67041,"Nygårdsbakken 4J, Nittedal",60.048928,10.869408
67042,"Nygårdsbakken 4B, Nittedal",60.04894,10.869982
67043,"Nygårdsbakken 4C, Nittedal",60.048944,10.869876
67044,"Nygårdsbakken 4D, Nittedal",60.048946,10.869824
67045,"Nygårdsbakken 4E, Nittedal",60.048948,10.869731
67046,"Nygårdsbakken 2K, Nittedal",60.048697,10.870545
67047,"Nygårdsbakken 2L, Nittedal",60.048643,10.870542
67048,"Nygårdsbakken 3, Nittedal",60.049353,10.869881
67049,"Nygårdsbakken 4A, Nittedal",60.048939,10.870045
67050,"Nygårdsbakken 2F, Nittedal",60.048848,10.870607
67051,"Nygårdsbakken 2G, Nittedal",60.048804,10.870551
67052,"Nygårdsbakken 2H, Nittedal",60.048771,10.870551
67053,"Nygårdsbakken 2J, Nittedal",60.048724,10.870546
67054,"Nygårdsbakken 4O, Nittedal",60.048915,10.869048
67055,"Nygårdsbakken 4K, Nittedal",60.048929,10.869372
67056,"Nygårdsbakken 4L, Nittedal",60.048939,10.869247
67057,"Nygårdsbakken 4M, Nittedal",60.04894,10.869194
67058,"Nygårdsbakken 4N, Nittedal",60.048915,10.869084
67071,"Nedre Nygård 20C, Nittedal",60.046878,10.873911
67072,"Nedre Nygård 22A, Nittedal",60.046647,10.873555
67073,"Nedre Nygård 22B, Nittedal",60.046621,10.873737
67074,"Nedre Nygård 22C, Nittedal",60.046593,10.873944
67075,"Nygårdsbakken 2B, Nittedal",60.04901,10.870634
67076,"Nygårdsbakken 2C, Nittedal",60.048956,10.870613
67077,"Nygårdsbakken 2D, Nittedal",60.048929,10.870612
67078,"Nygårdsbakken 2E, Nittedal",60.048875,10.870609
67079,"Nordliveien 6, Nittedal",60.062336,10.853934
67080,"Nordliveien 8, Nittedal",60.062537,10.85399
67081,"Nygårdsbakken 1, Nittedal",60.04936,10.870618
67082,"Nygårdsbakken 2A, Nittedal",60.049028,10.870635
67083,"Nordliveien 1, Nittedal",60.062213,10.854894
67084,"Nordliveien 3, Nittedal",60.062523,10.854609
67085,"Nordliveien 4, Nittedal",60.062106,10.853905
67086,"Nordliveien 5, Nittedal",60.062679,10.854296
67091,"Nedre Nygård 13B, Nittedal",60.048118,10.872656
67092,"Nedre Nygård 13C, Nittedal",60.048156,10.872432
67093,"Nedre Nygård 14, Nittedal",60.047751,10.873472
67094,"Nedre Nygård 15A, Nittedal",60.04785,10.872616
67095,"Nedre Nygård 11B, Nittedal",60.048363,10.872573
67096,"Nedre Nygård 11C, Nittedal",60.048393,10.872341
67097,"Nedre Nygård 12, Nittedal",60.048027,10.873452
67098,"Nedre Nygård 13A, Nittedal",60.048081,10.872875
67099,"Nedre Nygård 9B, Nittedal",60.048607,10.872461
67100,"Nedre Nygård 9C, Nittedal",60.048646,10.87223
67101,"Nedre Nygård 10, Nittedal",60.048296,10.873467
67102,"Nedre Nygård 11A, Nittedal",60.048324,10.872786
67103,"Nedre Nygård 7B, Nittedal",60.048846,10.872335
67104,"Nedre Nygård 7C, Nittedal",60.048883,10.872111
67105,"Nedre Nygård 8, Nittedal",60.048542,10.873194
67106,"Nedre Nygård 9A, Nittedal",60.048576,10.872693
67107,"Nedre Nygård 18B, Nittedal",60.047172,10.873713
67108,"Nedre Nygård 18C, Nittedal",60.047146,10.8739
67109,"Nedre Nygård 20A, Nittedal",60.046928,10.87355
67110,"Nedre Nygård 20B, Nittedal",60.046904,10.873724
67111,"Nedre Nygård 17F, Nittedal",60.047281,10.871578
67112,"Nedre Nygård 17G, Nittedal",60.047284,10.871327
67113,"Nedre Nygård 17H, Nittedal",60.047296,10.871112
67114,"Nedre Nygård 18A, Nittedal",60.047198,10.873536
67115,"Nedre Nygård 17B, Nittedal",60.047329,10.872586
67116,"Nedre Nygård 17C, Nittedal",60.047341,10.872372
67117,"Nedre Nygård 17D, Nittedal",60.047345,10.87212
67118,"Nedre Nygård 17E, Nittedal",60.047278,10.871811
67119,"Nedre Nygård 16A, Nittedal",60.047464,10.87353
67120,"Nedre Nygård 16B, Nittedal",60.047443,10.873708
67121,"Nedre Nygård 16C, Nittedal",60.047416,10.873879
67122,"Nedre Nygård 17A, Nittedal",60.047327,10.872784
67123,"Nedre Huseby 8, Nittedal",60.050841,10.870702
67124,"Nedre Huseby 9, Nittedal",60.050466,10.869908
67125,"Nedre Huseby 10, Nittedal",60.050537,10.870595
67126,"Nedre Huseby 11, Nittedal",60.050057,10.869616
67127,"Nedre Huseby 5A, Nittedal",60.051218,10.870113
67128,"Nedre Huseby 5B, Nittedal",60.050927,10.869423
67129,"Nedre Huseby 6, Nittedal",60.0511,10.870771
67130,"Nedre Huseby 7A, Nittedal",60.050868,10.870091
67131,"Nedre Huseby 1, Nittedal",60.051639,10.87019
67132,"Nedre Huseby 2, Nittedal",60.051466,10.870989
67133,"Nedre Huseby 3, Nittedal",60.051457,10.870239
67134,"Nedre Huseby 4, Nittedal",60.051174,10.87126
67135,"Nedre Bjertnes 19D, Nittedal",60.049353,10.877518
67136,"Nedre Bjertnes 19E, Nittedal",60.049326,10.87752
67137,"Nedre Bjertnes 20, Nittedal",60.049434,10.878539
67138,"Nedre Bjertnes 22, Nittedal",60.049151,10.878482
67139,"Nedre Nygård 5A, Nittedal",60.049062,10.872465
67140,"Nedre Nygård 5B, Nittedal",60.049089,10.872255
67141,"Nedre Nygård 5C, Nittedal",60.04913,10.872001
67142,"Nedre Nygård 7A, Nittedal",60.048813,10.872566
67143,"Nedre Nygård 2B, Nittedal",60.049632,10.873441
67144,"Nedre Nygård 2D, Nittedal",60.049984,10.873292
67145,"Nedre Nygård 3, Nittedal",60.049355,10.872399
67146,"Nedre Nygård 4, Nittedal",60.049217,10.873024
67147,"Nedre Nygård 1A, Nittedal",60.049574,10.872356
67148,"Nedre Nygård 1B, Nittedal",60.050081,10.872405
67149,"Nedre Nygård 2A, Nittedal",60.04975,10.872821
67150,"Nedre Nygård 2C, Nittedal",60.049447,10.873274
67151,"Nedre Huseby 12, Nittedal",60.050323,10.870604
67152,"Nedre Huseby 13, Nittedal",60.04969,10.869541
67153,"Nedre Huseby 15, Nittedal",60.049666,10.869971
67155,"Nedre Huseby 17, Nittedal",60.04965,10.870473
67156,"Nedre Bjertnes 13B, Nittedal",60.050521,10.877453
67157,"Nedre Bjertnes 13C, Nittedal",60.050492,10.877452
67158,"Nedre Bjertnes 13D, Nittedal",60.050405,10.877447
67159,"Nedre Bjertnes 13E, Nittedal",60.050376,10.877447
67160,"Nedre Bjertnes 11D, Nittedal",60.051063,10.877015
67161,"Nedre Bjertnes 11E, Nittedal",60.051067,10.876904
67162,"Nedre Bjertnes 12, Nittedal",60.050342,10.878605
67163,"Nedre Bjertnes 13A, Nittedal",60.050604,10.877454
67164,"Nedre Bjertnes 10, Nittedal",60.050542,10.878563
67165,"Nedre Bjertnes 11A, Nittedal",60.051048,10.877365
67166,"Nedre Bjertnes 11B, Nittedal",60.051057,10.877247
67167,"Nedre Bjertnes 11C, Nittedal",60.051059,10.877128
67168,"Nedre Bjertnes 9A, Nittedal",60.049826,10.876681
67169,"Nedre Bjertnes 9B, Nittedal",60.049735,10.876665
67170,"Nedre Bjertnes 9C, Nittedal",60.049708,10.87666
67171,"Nedre Bjertnes 9D, Nittedal",60.04962,10.876644
67172,"Nedre Bjertnes 18, Nittedal",60.049631,10.878529
67173,"Nedre Bjertnes 19A, Nittedal",60.049556,10.877533
67174,"Nedre Bjertnes 19B, Nittedal",60.049466,10.87753
67175,"Nedre Bjertnes 19C, Nittedal",60.049439,10.877532
67176,"Nedre Bjertnes 17B, Nittedal",60.049846,10.87769
67177,"Nedre Bjertnes 17C, Nittedal",60.049819,10.877695
67178,"Nedre Bjertnes 17D, Nittedal",60.049729,10.877685
67179,"Nedre Bjertnes 17E, Nittedal",60.049704,10.877682
67180,"Nedre Bjertnes 15D, Nittedal",60.050106,10.877839
67181,"Nedre Bjertnes 15E, Nittedal",60.050077,10.877843
67182,"Nedre Bjertnes 16, Nittedal",60.049888,10.878712
67183,"Nedre Bjertnes 17A, Nittedal",60.049932,10.877705
67184,"Nedre Bjertnes 14, Nittedal",60.050088,10.878713
67185,"Nedre Bjertnes 15A, Nittedal",60.050313,10.877858
67186,"Nedre Bjertnes 15B, Nittedal",60.050222,10.877851
67187,"Nedre Bjertnes 15C, Nittedal",60.0502,10.877852
67278,"Nygårdsbakken 4P, Nittedal",60.048917,10.868941
67279,"Nygårdsbakken 4R, Nittedal",60.048918,10.868887
67280,"Ringveien 7, Nittedal",60.060207,10.853496
67281,"Ringveien 2B, Nittedal",60.059786,10.853494
67282,"Ringveien 3, Nittedal",60.060514,10.854164
67283,"Ringveien 4, Nittedal",60.05981,10.853097
67284,"Ringveien 5, Nittedal",60.060281,10.853941
67287,"Ringveien 1, Nittedal",60.060399,10.854326
67288,"Ringveien 2A, Nittedal",60.059704,10.853642
67319,"Peiskrokveien 21, Nittedal",60.064455,10.864625
67320,"Peiskrokveien 27, Nittedal",60.065157,10.865008
67323,"Peiskrokveien 12, Nittedal",60.063924,10.863769
67324,"Peiskrokveien 13, Nittedal",60.063541,10.864698
67325,"Peiskrokveien 15, Nittedal",60.063671,10.864708
67326,"Peiskrokveien 17, Nittedal",60.063824,10.864681
67327,"Peiskrokveien 8, Nittedal",60.063396,10.863992
67328,"Peiskrokveien 9A, Nittedal",60.063097,10.864574
67329,"Peiskrokveien 10, Nittedal",60.063603,10.864094
67330,"Peiskrokveien 11, Nittedal",60.063324,10.864473
67331,"Peiskrokveien 4, Nittedal",60.062956,10.863752
67332,"Peiskrokveien 5, Nittedal",60.062577,10.864316
67333,"Peiskrokveien 6, Nittedal",60.06318,10.863795
67334,"Peiskrokveien 7, Nittedal",60.062823,10.864454
67351,"Peer Gynts vei 14B, Nittedal",60.055976,10.855413
67352,"Peer Gynts vei 15, Nittedal",60.056912,10.855422
67353,"Peer Gynts vei 17, Nittedal",60.057102,10.855244
67354,"Peer Gynts vei 18, Nittedal",60.056629,10.855069
67355,"Peer Gynts vei 12A, Nittedal",60.055682,10.85535
67356,"Peer Gynts vei 12B, Nittedal",60.055721,10.855346
67357,"Peer Gynts vei 13, Nittedal",60.056696,10.855579
67358,"Peer Gynts vei 14A, Nittedal",60.055935,10.855412
67359,"Trollveien 23, Nittedal",60.055557,10.856343
67360,"Peer Gynts vei 8, Nittedal",60.05465,10.855344
67361,"Peer Gynts vei 9, Nittedal",60.055924,10.855997
67362,"Peer Gynts vei 11, Nittedal",60.056237,10.856152
67364,"Peer Gynts vei 1A, Nittedal",60.054525,10.85654
67365,"Peer Gynts vei 1B, Nittedal",60.054544,10.856182
67366,"Peer Gynts vei 41, Nittedal",60.057956,10.853424
67367,"Peiskrokveien 1, Nittedal",60.062319,10.863734
67368,"Peiskrokveien 3C, Nittedal",60.062235,10.864078
67369,"Peiskrokveien 3B, Nittedal",60.062009,10.864076
67370,"Peer Gynts vei 33, Nittedal",60.058203,10.853657
67371,"Peer Gynts vei 35, Nittedal",60.057964,10.853739
67372,"Peer Gynts vei 37, Nittedal",60.057954,10.854146
67373,"Peer Gynts vei 39, Nittedal",60.05818,10.853404
67374,"Peer Gynts vei 25, Nittedal",60.057973,10.854686
67375,"Peer Gynts vei 27, Nittedal",60.05811,10.854532
67376,"Peer Gynts vei 29, Nittedal",60.058263,10.854559
67377,"Peer Gynts vei 31, Nittedal",60.058143,10.854121
67378,"Peer Gynts vei 20, Nittedal",60.056917,10.854742
67379,"Peer Gynts vei 21, Nittedal",60.057624,10.854613
67380,"Peer Gynts vei 22, Nittedal",60.057094,10.854653
67381,"Peer Gynts vei 23, Nittedal",60.057856,10.854715
67478,"Ringveien 45, Nittedal",60.060806,10.852528
67479,"Ringveien 46, Nittedal",60.06291,10.852112
67480,"Ringveien 48, Nittedal",60.063212,10.852591
67481,"Ringveien 49, Nittedal",60.060331,10.852654
67482,"Ringveien 43A, Nittedal",60.061094,10.852472
67483,"Ringveien 43B, Nittedal",60.061042,10.851829
67484,"Ringveien 44A, Nittedal",60.063212,10.851926
67485,"Ringveien 44B, Nittedal",60.06324,10.851891
67486,"Ringveien 39B, Nittedal",60.061603,10.851947
67487,"Ringveien 41A, Nittedal",60.061346,10.85245
67488,"Ringveien 42, Nittedal",60.063249,10.851245
67489,"Ringveien 36A, Nittedal",60.062981,10.851104
67490,"Ringveien 36B, Nittedal",60.063173,10.850881
67491,"Ringveien 38, Nittedal",60.062985,10.851518
67492,"Ringveien 39A, Nittedal",60.061725,10.852345
67497,"Ringveien 66A, Nittedal",60.060893,10.853335
67498,"Ringveien 66B, Nittedal",60.060753,10.85359
67499,"Ringveien 66C, Nittedal",60.060934,10.853616
67501,"Ringveien 58, Nittedal",60.062594,10.853131
67502,"Ringveien 60, Nittedal",60.062241,10.853327
67503,"Ringveien 62, Nittedal",60.061993,10.853043
67504,"Ringveien 64, Nittedal",60.061147,10.853217
67505,"Ringveien 50A, Nittedal",60.062935,10.852925
67506,"Ringveien 52, Nittedal",60.062854,10.853145
67507,"Ringveien 54A, Nittedal",60.062764,10.852547
67508,"Ringveien 56, Nittedal",60.062508,10.852821
67509,"Ringveien 17B, Nittedal",60.060757,10.851519
67510,"Ringveien 18, Nittedal",60.061408,10.850301
67511,"Ringveien 19A, Nittedal",60.060844,10.851094
67512,"Ringveien 19B, Nittedal",60.060986,10.851145
67513,"Ringveien 14, Nittedal",60.060838,10.850321
67514,"Ringveien 15, Nittedal",60.060369,10.851448
67515,"Ringveien 16A, Nittedal",60.061049,10.850263
67516,"Ringveien 17A, Nittedal",60.060587,10.851173
67517,"Ringveien 9A, Nittedal",60.06009,10.852848
67518,"Ringveien 9B, Nittedal",60.060102,10.852537
67519,"Ringveien 10, Nittedal",60.060005,10.851387
67520,"Ringveien 13, Nittedal",60.060186,10.851938
67521,"Ringveien 8, Nittedal",60.059785,10.852309
67522,"Ringveien 32, Nittedal",60.063039,10.850556
67523,"Ringveien 34, Nittedal",60.062768,10.850649
67524,"Ringveien 35A, Nittedal",60.062212,10.852193
67525,"Ringveien 35B, Nittedal",60.062209,10.851762
67526,"Ringveien 28, Nittedal",60.062884,10.849733
67527,"Ringveien 29, Nittedal",60.062243,10.851259
67528,"Ringveien 30, Nittedal",60.063198,10.849733
67529,"Ringveien 31, Nittedal",60.062496,10.851131
67530,"Ringveien 24, Nittedal",60.062323,10.850137
67531,"Ringveien 25A, Nittedal",60.061512,10.851044
67532,"Ringveien 26, Nittedal",60.062581,10.850166
67533,"Ringveien 27, Nittedal",60.061961,10.851243
67534,"Ringveien 20, Nittedal",60.061676,10.850334
67535,"Ringveien 21, Nittedal",60.061131,10.851137
67536,"Ringveien 22, Nittedal",60.061993,10.850239
67537,"Ringveien 23, Nittedal",60.061317,10.85125
67540,"Sagerudstubben 1, Nittedal",60.052734,10.869027
67541,"Sagerudstubben 3, Nittedal",60.05251,10.868892
67554,"Sagerudveien 13A, Nittedal",60.052777,10.867194
67555,"Sagerudveien 9, Nittedal",60.052737,10.867941
67556,"Sagerudveien 10, Nittedal",60.051976,10.867488
67557,"Sagerudveien 11, Nittedal",60.052498,10.867521
67558,"Sagerudveien 12, Nittedal",60.051648,10.867012
67559,"Sagerudveien 5, Nittedal",60.053006,10.868418
67560,"Sagerudveien 6, Nittedal",60.052341,10.868089
67561,"Sagerudveien 7, Nittedal",60.053018,10.867912
67562,"Sagerudveien 8, Nittedal",60.052131,10.867725
67563,"Sagerudstubben 5, Nittedal",60.05226,10.868898
67564,"Sagerudveien 1C, Nittedal",60.053298,10.868693
67565,"Sagerudveien 3, Nittedal",60.053351,10.867968
67566,"Sagerudveien 4, Nittedal",60.052554,10.868338
67603,"Rødhettes vei 2B, Nittedal",60.053806,10.857351
67604,"Rødhettes vei 2C, Nittedal",60.053855,10.856955
67605,"Rødhettes vei 4, Nittedal",60.05391,10.856588
67606,"Rødhettes vei 6, Nittedal",60.054008,10.855868
67610,"Rødhettes vei 2A, Nittedal",60.05368,10.85793
67611,"Rusveien 7, Nittedal",60.06669,10.905562
67612,"Rusveien 10, Nittedal",60.067458,10.905875
67613,"Rusveien 15, Nittedal",60.067239,10.909187
67647,"Rusveien 1, Nittedal",60.068116,10.898815
67648,"Rusveien 4, Nittedal",60.068344,10.901686
67649,"Rusveien 6, Nittedal",60.068728,10.901851
67662,"Nyveien 49, Nittedal",60.050428,10.863674
67664,"Nyveien 42, Nittedal",60.050427,10.865021
67665,"Nyveien 43, Nittedal",60.050915,10.864186
67666,"Nyveien 44, Nittedal",60.050285,10.864941
67667,"Nyveien 46, Nittedal",60.050061,10.864893
67668,"Nyveien 39A, Nittedal",60.052132,10.86386
67669,"Nyveien 39B, Nittedal",60.051849,10.864221
67670,"Nyveien 40, Nittedal",60.050696,10.86509
67671,"Nyveien 41, Nittedal",60.051254,10.864331
67672,"Nyveien 35, Nittedal",60.052695,10.864071
67673,"Nyveien 36, Nittedal",60.051118,10.865114
67674,"Nyveien 37, Nittedal",60.052363,10.864017
67675,"Nyveien 38, Nittedal",60.05091,10.865156
67692,"Nyveien 15C, Nittedal",60.054567,10.864434
67693,"Nyveien 15B, Nittedal",60.054373,10.864387
67694,"Nyveien 15D, Nittedal",60.054309,10.864899
67695,"Nyveien 16, Nittedal",60.054627,10.867216
67696,"Nyveien 11D, Nittedal",60.054935,10.864449
67697,"Nyveien 12, Nittedal",60.055047,10.866719
67698,"Nyveien 13, Nittedal",60.054447,10.865338
67699,"Nyveien 15A, Nittedal",60.054514,10.864982
67700,"Nyveien 9, Nittedal",60.055047,10.866072
67701,"Nyveien 11A, Nittedal",60.054749,10.865735
67702,"Nyveien 11B, Nittedal",60.054795,10.865465
67703,"Nyveien 11C, Nittedal",60.054945,10.865041
67704,"Nyveien 6A, Nittedal",60.055731,10.867242
67705,"Nyveien 7, Nittedal",60.055495,10.866115
67706,"Nyveien 8A, Nittedal",60.055096,10.867316
67707,"Nyveien 8B, Nittedal",60.055346,10.867149
67708,"Nyveien 30B, Nittedal",60.052722,10.865149
67709,"Nyveien 31, Nittedal",60.053167,10.864586
67710,"Nyveien 32, Nittedal",60.052237,10.864611
67711,"Nyveien 33A, Nittedal",60.052968,10.864428
67712,"Nyveien 27, Nittedal",60.053655,10.864772
67713,"Nyveien 28, Nittedal",60.053146,10.865334
67714,"Nyveien 29, Nittedal",60.053462,10.864474
67715,"Nyveien 30A, Nittedal",60.052896,10.865205
67716,"Nyveien 22, Nittedal",60.054187,10.865934
67717,"Nyveien 23, Nittedal",60.054094,10.86424
67718,"Nyveien 25, Nittedal",60.053707,10.864254
67719,"Nyveien 26A, Nittedal",60.05354,10.86543
67720,"Nyveien 17, Nittedal",60.054251,10.865183
67721,"Nyveien 19, Nittedal",60.053956,10.865076
67722,"Nyveien 20B, Nittedal",60.054617,10.866213
67723,"Nyveien 21, Nittedal",60.053998,10.864648
67724,"Nygårdsbakken 12H, Nittedal",60.049166,10.867195
67725,"Nygårdsbakken 12J, Nittedal",60.049168,10.867069
67726,"Nygårdsbakken 12K, Nittedal",60.049168,10.867033
67727,"Nygårdsbakken 12L, Nittedal",60.04917,10.866926
67728,"Nygårdsbakken 12D, Nittedal",60.049188,10.867519
67729,"Nygårdsbakken 12E, Nittedal",60.04919,10.867394
67730,"Nygårdsbakken 12F, Nittedal",60.049191,10.867358
67731,"Nygårdsbakken 12G, Nittedal",60.049166,10.867231
67732,"Nygårdsbakken 11, Nittedal",60.04949,10.867159
67733,"Nygårdsbakken 12A, Nittedal",60.049186,10.867699
67734,"Nygårdsbakken 12B, Nittedal",60.049186,10.867663
67735,"Nygårdsbakken 12C, Nittedal",60.049188,10.867555
67736,"Nygårdsbakken 10C, Nittedal",60.048999,10.868209
67737,"Nygårdsbakken 10D, Nittedal",60.048981,10.868208
67738,"Nygårdsbakken 10E, Nittedal",60.048918,10.868205
67739,"Nygårdsbakken 10F, Nittedal",60.0489,10.868204
67740,"Nygårdsbakken 25, Nittedal",60.049484,10.865668
67741,"Nyveien 2, Nittedal",60.056188,10.867477
67742,"Nyveien 3, Nittedal",60.055754,10.864962
67743,"Nyveien 4, Nittedal",60.055981,10.867201
67744,"Nygårdsbakken 17, Nittedal",60.049469,10.866763
67745,"Nygårdsbakken 19, Nittedal",60.04946,10.866116
67746,"Nygårdsbakken 21, Nittedal",60.049808,10.866225
67747,"Nygårdsbakken 23, Nittedal",60.049762,10.865702
67748,"Nygårdsbakken 12R, Nittedal",60.049148,10.866565
67750,"Nygårdsbakken 12S, Nittedal",60.04915,10.86644
67751,"Nygårdsbakken 13, Nittedal",60.049674,10.867171
67752,"Nygårdsbakken 15, Nittedal",60.049694,10.866722
67753,"Nygårdsbakken 12M, Nittedal",60.049171,10.866872
67754,"Nygårdsbakken 12N, Nittedal",60.049145,10.866763
67755,"Nygårdsbakken 12O, Nittedal",60.049146,10.866727
67756,"Nygårdsbakken 12P, Nittedal",60.049148,10.866601
67757,"Nygårdsbakken 8F, Nittedal",60.048659,10.867489
67758,"Nygårdsbakken 8G, Nittedal",60.048596,10.867486
67759,"Nygårdsbakken 10A, Nittedal",60.04908,10.868214
67760,"Nygårdsbakken 10B, Nittedal",60.049062,10.868213
67761,"Nygårdsbakken 8B, Nittedal",60.048812,10.867498
67762,"Nygårdsbakken 8C, Nittedal",60.048758,10.867495
67763,"Nygårdsbakken 8D, Nittedal",60.04874,10.867494
67764,"Nygårdsbakken 8E, Nittedal",60.048677,10.86749
67765,"Nygårdsbakken 6A, Nittedal",60.048744,10.868062
67766,"Nygårdsbakken 6B, Nittedal",60.048595,10.868197
67767,"Nygårdsbakken 7, Nittedal",60.049461,10.869002
67768,"Nygårdsbakken 8A, Nittedal",60.048838,10.8675
67769,"Nygårdsbakken 4S, Nittedal",60.048919,10.868761
67770,"Nygårdsbakken 4T, Nittedal",60.04892,10.868725
67771,"Nygårdsbakken 5, Nittedal",60.04943,10.869473
67772,"Sagerudveien 16, Nittedal",60.05123,10.866036
67773,"Sagerudveien 17, Nittedal",60.051945,10.865437
67774,"Sagerudveien 18, Nittedal",60.051478,10.865026
67775,"Sagerudveien 13B, Nittedal",60.052859,10.867447
67776,"Skolebakken 7, Nittedal",60.05349,10.873411
67777,"Skolebakken 9, Nittedal",60.053679,10.873437
67778,"Skolebakken 11, Nittedal",60.053819,10.873493
67779,"Skolemesterveien 2A, Nittedal",60.054281,10.870676
67780,"Skolebakken 3A, Nittedal",60.05359,10.872528
67781,"Skolebakken 3B, Nittedal",60.053542,10.872759
67782,"Skolebakken 5, Nittedal",60.053863,10.872621
67783,"Skolebakken 6, Nittedal",60.054206,10.872725
67784,"Skogveien 73, Nittedal",60.064979,10.866369
67785,"Skogveien 75, Nittedal",60.064986,10.866871
67786,"Skogveien 77, Nittedal",60.065017,10.867322
67787,"Skogveien 85, Nittedal",60.065665,10.866508
67788,"Skogveien 50, Nittedal",60.06553,10.865994
67789,"Skogveien 67, Nittedal",60.06471,10.867293
67790,"Skogveien 69, Nittedal",60.064755,10.866764
67791,"Skogveien 71, Nittedal",60.064787,10.866286
67792,"Skolemesterveien 2B, Nittedal",60.054378,10.870559
67793,"Skogveien 6, Nittedal",60.06091,10.863852
67794,"Skogveien 7, Nittedal",60.061424,10.864988
67795,"Skogveien 8, Nittedal",60.061114,10.864214
67796,"Skogveien 10, Nittedal",60.061332,10.864312
67798,"Skogveien 3A, Nittedal",60.060735,10.864597
67799,"Skogveien 3B, Nittedal",60.060603,10.864934
67800,"Skogveien 5, Nittedal",60.061051,10.864994
67809,"Skogveien 36, Nittedal",60.064164,10.865401
67810,"Skogveien 44, Nittedal",60.064859,10.865681
67811,"Skogveien 46, Nittedal",60.065076,10.865668
67812,"Skogveien 48, Nittedal",60.065305,10.865909
67813,"Skogveien 22A, Nittedal",60.062773,10.865129
67814,"Skogveien 26A, Nittedal",60.06317,10.865528
67815,"Skogveien 28, Nittedal",60.063419,10.865341
67816,"Skogveien 34, Nittedal",60.063972,10.865606
67817,"Skogveien 15, Nittedal",60.062101,10.865538
67818,"Skogveien 16, Nittedal",60.062135,10.864994
67819,"Skogveien 17A, Nittedal",60.061876,10.865847
67820,"Skogveien 17B, Nittedal",60.062055,10.865893
67821,"Skogveien 11, Nittedal",60.061817,10.865326
67822,"Skogveien 12, Nittedal",60.061559,10.864503
67823,"Skogveien 13A, Nittedal",60.0616,10.865623
67824,"Skogveien 14C, Nittedal",60.061885,10.864557
67984,"Skråningen 7, Nittedal",60.053246,10.873371
67985,"Skråningen 8, Nittedal",60.05262,10.872231
67986,"Skråningen 10, Nittedal",60.053209,10.872508
67988,"Skråningen 3, Nittedal",60.051939,10.873099
67989,"Skråningen 4, Nittedal",60.052126,10.87212
67990,"Skråningen 5, Nittedal",60.052375,10.8727
67991,"Skråningen 6, Nittedal",60.052331,10.872358
67994,"Skråningen 2, Nittedal",60.051928,10.871967
68015,"Skolemesterveien 5, Nittedal",60.055273,10.870955
68016,"Skolemesterveien 7A, Nittedal",60.055583,10.871671
68017,"Skolemesterveien 7B, Nittedal",60.055527,10.870942
68018,"Skolemesterveien 4, Nittedal",60.05463,10.87044
68027,"Skolemesterveien 10, Nittedal",60.055643,10.870165
68028,"Skolemesterveien 12, Nittedal",60.055801,10.869905
68029,"Skolemesterveien 14, Nittedal",60.056025,10.870602
68031,"Skolemesterveien 7C, Nittedal",60.055661,10.871142
68032,"Skolemesterveien 8, Nittedal",60.055311,10.870477
68033,"Skolemesterveien 9, Nittedal",60.055902,10.871209
68034,"Skolemesterveien 11, Nittedal",60.05591,10.871355
68247,"Sagerudsvingen 9, Nittedal",60.050631,10.86268
68248,"Sagerudsvingen 25, Nittedal",60.050374,10.862128
68249,"Sagerudsvingen 1, Nittedal",60.051087,10.861881
68250,"Sagerudsvingen 3, Nittedal",60.051012,10.862378
68273,"Sagerudveien 20, Nittedal",60.051489,10.864219
68274,"Sagerudveien 23, Nittedal",60.05182,10.863681
68275,"Sagerudsvingen 6, Nittedal",60.050908,10.863378
68276,"Sagerudsvingen 8, Nittedal",60.050664,10.863508
68277,"Sagerudveien 19, Nittedal",60.051858,10.86485
68367,"Stasjonsveien 66, Nittedal",60.057305,10.867549
68368,"Stasjonsveien 58, Nittedal",60.05619,10.86799
68369,"Stasjonsveien 60, Nittedal",60.056522,10.868164
68370,"Stasjonsveien 62, Nittedal",60.056657,10.867974
68371,"Stasjonsveien 55, Nittedal",60.055466,10.869514
68372,"Stasjonsveien 56A, Nittedal",60.055726,10.868212
68373,"Stasjonsveien 56B, Nittedal",60.055795,10.867767
68374,"Stasjonsveien 57, Nittedal",60.055719,10.86937
68375,"Stasjonsveien 51, Nittedal",60.05495,10.869749
68376,"Stasjonsveien 52, Nittedal",60.055505,10.868613
68377,"Stasjonsveien 53, Nittedal",60.05522,10.869692
68378,"Stasjonsveien 54, Nittedal",60.055288,10.868062
68386,"Stasjonsveien 75, Nittedal",60.058312,10.865098
68388,"Stasjonsveien 63, Nittedal",60.05815,10.868062
68389,"Stasjonsveien 77, Nittedal",60.05864,10.860921
68392,"Stasjonsveien 69, Nittedal",60.058796,10.866591
68393,"Stasjonsveien 70, Nittedal",60.058123,10.867088
68394,"Stasjonsveien 72, Nittedal",60.058502,10.866582
68395,"Stasjonsveien 73, Nittedal",60.058667,10.865791
68396,"Stasjonsveien 31B, Nittedal",60.051543,10.872382
68397,"Stasjonsveien 33, Nittedal",60.051736,10.871579
68398,"Stasjonsveien 36, Nittedal",60.052097,10.870198
68399,"Stasjonsveien 37, Nittedal",60.052353,10.871147
68400,"Stasjonsveien 27A, Nittedal",60.050588,10.87269
68401,"Stasjonsveien 28, Nittedal",60.050087,10.872064
68402,"Stasjonsveien 30, Nittedal",60.050724,10.871342
68403,"Stasjonsveien 31A, Nittedal",60.051476,10.872362
68404,"Stasjonsveien 21B, Nittedal",60.051734,10.873405
68405,"Stasjonsveien 25, Nittedal",60.050938,10.873366
68406,"Stasjonsveien 26, Nittedal",60.049984,10.872942
68407,"Stasjonsveien 27B, Nittedal",60.050684,10.872315
68408,"Stasjonsveien 18, Nittedal",60.051031,10.874377
68409,"Stasjonsveien 19, Nittedal",60.051924,10.874176
68410,"Stasjonsveien 20, Nittedal",60.0506,10.873666
68411,"Stasjonsveien 21A, Nittedal",60.051723,10.873791
68412,"Stasjonsveien 48, Nittedal",60.054803,10.868699
68413,"Stasjonsveien 49, Nittedal",60.054615,10.86991
68414,"Stasjonsveien 50A, Nittedal",60.054989,10.868925
68415,"Stasjonsveien 50B, Nittedal",60.055223,10.868866
68416,"Stasjonsveien 44D, Nittedal",60.053694,10.869642
68417,"Stasjonsveien 45A, Nittedal",60.053769,10.870253
68418,"Stasjonsveien 46, Nittedal",60.054115,10.869368
68419,"Stasjonsveien 47, Nittedal",60.05417,10.870174
68420,"Stasjonsveien 41A, Nittedal",60.052985,10.870728
68421,"Stasjonsveien 44A, Nittedal",60.053533,10.869633
68422,"Stasjonsveien 44B, Nittedal",60.05357,10.868863
68423,"Stasjonsveien 44C, Nittedal",60.053883,10.869006
68424,"Stasjonsveien 38A, Nittedal",60.052281,10.870514
68425,"Stasjonsveien 38B, Nittedal",60.052447,10.870182
68426,"Stasjonsveien 39A, Nittedal",60.052767,10.871044
68427,"Stasjonsveien 39B, Nittedal",60.052758,10.871044
68428,"Solveien 5C, Nittedal",60.061734,10.868947
68429,"Solveien 5D, Nittedal",60.061495,10.869329
68430,"Solveien 5E, Nittedal",60.061728,10.869342
68431,"Solveien 7, Nittedal",60.062015,10.867578
68432,"Solveien 3A, Nittedal",60.061179,10.869383
68433,"Solveien 3B, Nittedal",60.061258,10.869531
68434,"Solveien 5A, Nittedal",60.061395,10.868782
68435,"Solveien 5B, Nittedal",60.061563,10.868937
68439,"Solveien 1, Nittedal",60.061095,10.86963
68444,"Stasjonsveien 2, Nittedal",60.05368,10.881336
68445,"Stasjonsveien 10, Nittedal",60.05326,10.87823
68446,"Stasjonsveien 12, Nittedal",60.052791,10.875734
68447,"Stasjonsveien 15, Nittedal",60.053539,10.875981
68452,"Solveien 13, Nittedal",60.06238,10.866815
68453,"Solveien 14, Nittedal",60.061999,10.866662
68455,"Solveien 8, Nittedal",60.061115,10.868894
68456,"Solveien 10, Nittedal",60.061307,10.867953
68457,"Solveien 11, Nittedal",60.062509,10.867611
68458,"Solliveien 2, Nittedal",60.052733,10.874707
68459,"Solliveien 3, Nittedal",60.05344,10.875076
68460,"Solliveien 4, Nittedal",60.053092,10.874727
68461,"Solliveien 6, Nittedal",60.05336,10.874633
68464,"Solliveien 1A, Nittedal",60.053086,10.875255
68465,"Solliveien 1B, Nittedal",60.053173,10.875308
68482,"Solliveien 12, Nittedal",60.054007,10.874073
68483,"Solliveien 14, Nittedal",60.054104,10.874282
68486,"Solliveien 7, Nittedal",60.054857,10.874712
68487,"Solliveien 8A, Nittedal",60.053378,10.874222
68488,"Solliveien 8B, Nittedal",60.053399,10.874008
68489,"Solliveien 10, Nittedal",60.053743,10.874293
68536,"Sørliveien 6, Nittedal",60.057582,10.86518
68537,"Sørliveien 2A, Nittedal",60.057897,10.866598
68538,"Sørliveien 2B, Nittedal",60.057779,10.866909
68539,"Sørliveien 4A, Nittedal",60.057711,10.865793
68540,"Sørliveien 4B, Nittedal",60.057498,10.865686
68549,"Svingen 3, Nittedal",60.063689,10.862104
68550,"Svingen 5, Nittedal",60.063589,10.861577
68551,"Svingen 8A, Nittedal",60.063239,10.861569
68555,"Svingen 1, Nittedal",60.063603,10.862495
68556,"Stjerneveien 32A, Nittedal",60.059597,10.865813
68557,"Stjerneveien 34A, Nittedal",60.059712,10.865168
68558,"Stjerneveien 34B, Nittedal",60.059715,10.86497
68559,"Stjerneveien 36, Nittedal",60.059479,10.865173
68560,"Stjerneveien 18, Nittedal",60.060378,10.866864
68561,"Stjerneveien 22, Nittedal",60.060157,10.866738
68562,"Stjerneveien 26, Nittedal",60.059716,10.867133
68563,"Stjerneveien 30, Nittedal",60.059859,10.866161
68572,"Svingen 17, Nittedal",60.063313,10.859368
68573,"Svingen 22, Nittedal",60.06306,10.859729
68576,"Svingen 12, Nittedal",60.062985,10.861076
68577,"Svingen 13, Nittedal",60.063515,10.860459
68578,"Svingen 15, Nittedal",60.063417,10.859961
68579,"Svingen 16, Nittedal",60.063188,10.860504
68582,"Stjerneveien 1A, Nittedal",60.061779,10.86638
68583,"Stjerneveien 1B, Nittedal",60.06162,10.866192
68596,"Stjerneveien 14, Nittedal",60.060651,10.86641
68597,"Stjerneveien 15, Nittedal",60.060092,10.865425
68598,"Stjerneveien 16, Nittedal",60.060566,10.866998
68599,"Stjerneveien 17A, Nittedal",60.059942,10.865055
68600,"Stjerneveien 10, Nittedal",60.060879,10.867262
68601,"Stjerneveien 11A, Nittedal",60.060473,10.865319
68602,"Stjerneveien 12, Nittedal",60.060972,10.866741
68603,"Stjerneveien 13, Nittedal",60.060259,10.865592
68604,"Stjerneveien 6, Nittedal",60.061231,10.867537
68605,"Stjerneveien 7, Nittedal",60.060635,10.865938
68606,"Stjerneveien 8A, Nittedal",60.060759,10.867703
68607,"Stjerneveien 9, Nittedal",60.060816,10.865395
68608,"Stjerneveien 1C, Nittedal",60.061589,10.866495
68609,"Stjerneveien 3A, Nittedal",60.061259,10.866279
68610,"Stjerneveien 3B, Nittedal",60.061461,10.865967
68611,"Stjerneveien 4, Nittedal",60.061232,10.867007
68766,"Sørliveien 20, Nittedal",60.05831,10.85999
68767,"Sørliveien 22, Nittedal",60.058319,10.859531
68768,"Sørliveien 24, Nittedal",60.058547,10.859355
68769,"Sørliveien 26, Nittedal",60.058634,10.858968
68770,"Sørliveien 10, Nittedal",60.057591,10.86351
68771,"Sørliveien 12, Nittedal",60.057601,10.862555
68772,"Sørliveien 16, Nittedal",60.057772,10.860652
68773,"Sørliveien 18A, Nittedal",60.05795,10.860062
68774,"Sørliveien 8, Nittedal",60.057486,10.86423
68776,"Tumyrveien 57B, Nittedal",60.064304,10.856901
68777,"Tumyrveien 57C, Nittedal",60.064105,10.856958
68778,"Tumyrveien 59, Nittedal",60.064247,10.856454
68779,"Tumyrveien 60A, Nittedal",60.063501,10.855568
68780,"Tumyrveien 53D, Nittedal",60.063852,10.857025
68781,"Tumyrveien 54, Nittedal",60.063303,10.854428
68782,"Tumyrveien 55, Nittedal",60.063794,10.856576
68783,"Tumyrveien 57A, Nittedal",60.063975,10.85646
68784,"Tumyrveien 52, Nittedal",60.063347,10.85497
68785,"Tumyrveien 53A, Nittedal",60.063556,10.856956
68786,"Tumyrveien 53B, Nittedal",60.063509,10.85727
68787,"Tumyrveien 53C, Nittedal",60.063683,10.857147
68788,"Tumyrveien 47B, Nittedal",60.062737,10.857667
68789,"Tumyrveien 48, Nittedal",60.063188,10.855349
68790,"Tumyrveien 50, Nittedal",60.062977,10.855148
68791,"Tumyrveien 51, Nittedal",60.063276,10.857014
68800,"Tumyrveien 68, Nittedal",60.064213,10.855539
68804,"Tumyrveien 60B, Nittedal",60.063653,10.855465
68805,"Tumyrveien 60C, Nittedal",60.0638,10.855364
68806,"Tumyrveien 64, Nittedal",60.063645,10.85605
68807,"Tumyrveien 66, Nittedal",60.064045,10.855676
68808,"Tumyrveien 30B, Nittedal",60.061157,10.857337
68809,"Tumyrveien 31, Nittedal",60.061257,10.858787
68810,"Tumyrveien 33, Nittedal",60.061173,10.858369
68811,"Tumyrveien 34B, Nittedal",60.061564,10.856941
68812,"Tumyrveien 26B, Nittedal",60.060528,10.857435
68813,"Tumyrveien 28B, Nittedal",60.06093,10.857781
68814,"Tumyrveien 29, Nittedal",60.060899,10.858695
68815,"Tumyrveien 30A, Nittedal",60.061193,10.857837
68816,"Tumyrveien 24A, Nittedal",60.060479,10.858159
68817,"Tumyrveien 24B, Nittedal",60.060449,10.857705
68818,"Tumyrveien 25, Nittedal",60.060818,10.859319
68819,"Tumyrveien 26A, Nittedal",60.060759,10.858191
68820,"Tumyrveien 18, Nittedal",60.059587,10.858952
68821,"Tumyrveien 19, Nittedal",60.061099,10.859784
68822,"Tumyrveien 20, Nittedal",60.059904,10.858742
68823,"Tumyrveien 22, Nittedal",60.060097,10.858587
68824,"Tumyrveien 45A, Nittedal",60.062484,10.857755
68825,"Tumyrveien 45B, Nittedal",60.062535,10.857997
68826,"Tumyrveien 46A, Nittedal",60.063134,10.856216
68827,"Tumyrveien 47A, Nittedal",60.062798,10.857383
68828,"Tumyrveien 43A, Nittedal",60.062225,10.857823
68829,"Tumyrveien 43B, Nittedal",60.062286,10.858281
68830,"Tumyrveien 44A, Nittedal",60.062844,10.856541
68831,"Tumyrveien 44B, Nittedal",60.062699,10.85599
68832,"Tumyrveien 38, Nittedal",60.062196,10.857025
68833,"Tumyrveien 39, Nittedal",60.061898,10.858119
68834,"Tumyrveien 40, Nittedal",60.062356,10.856885
68835,"Tumyrveien 42B, Nittedal",60.062518,10.856244
68836,"Tumyrveien 35, Nittedal",60.061479,10.858297
68837,"Tumyrveien 36A, Nittedal",60.061942,10.857282
68838,"Tumyrveien 36B, Nittedal",60.061934,10.856897
68839,"Tumyrveien 37, Nittedal",60.061535,10.858785
68848,"Vinkelveien 5, Nittedal",60.053925,10.861701
68849,"Vinkelveien 7, Nittedal",60.053679,10.861792
68850,"Vinkelveien 8, Nittedal",60.053044,10.862241
68851,"Vinkelveien 9, Nittedal",60.053475,10.861708
68852,"Vinkelveien 1, Nittedal",60.054069,10.860519
68853,"Vinkelveien 2, Nittedal",60.054399,10.861671
68854,"Vinkelveien 3, Nittedal",60.053866,10.861317
68855,"Vinkelveien 4, Nittedal",60.054199,10.862001
68872,"Vestliveien 3, Nittedal",60.060236,10.856664
68873,"Vestliveien 4, Nittedal",60.060361,10.855431
68874,"Vestliveien 5A, Nittedal",60.060454,10.856496
68875,"Vestliveien 5B, Nittedal",60.060562,10.856448
68879,"Vestliveien 1, Nittedal",60.059984,10.856416
68884,"Velveien 10B, Nittedal",60.052853,10.866846
68885,"Velveien 11, Nittedal",60.051969,10.865862
68886,"Velveien 12, Nittedal",60.052585,10.866731
68887,"Velveien 16, Nittedal",60.052041,10.866513
68888,"Vestliveien 17, Nittedal",60.061676,10.853888
68889,"Vestliveien 18, Nittedal",60.061383,10.853638
68890,"Vestliveien 19, Nittedal",60.061815,10.852961
68891,"Vestliveien 20, Nittedal",60.06147,10.853212
68892,"Vestliveien 12B, Nittedal",60.060955,10.854505
68893,"Vestliveien 13, Nittedal",60.061946,10.855143
68894,"Vestliveien 14, Nittedal",60.06119,10.853789
68895,"Vestliveien 16, Nittedal",60.061211,10.853598
68896,"Vestliveien 10A, Nittedal",60.061211,10.854365
68897,"Vestliveien 10B, Nittedal",60.061165,10.854377
68898,"Vestliveien 11A, Nittedal",60.061485,10.855575
68899,"Vestliveien 12A, Nittedal",60.061004,10.854495
68900,"Vestliveien 6, Nittedal",60.060793,10.854607
68901,"Vestliveien 7, Nittedal",60.060922,10.855768
68902,"Vestliveien 8, Nittedal",60.061193,10.854725
68903,"Vestliveien 9A, Nittedal",60.061212,10.855797
68919,"Velveien 5, Nittedal",60.053143,10.866072
68920,"Velveien 7, Nittedal",60.052861,10.865769
68921,"Velveien 9, Nittedal",60.05251,10.865731
68922,"Velveien 10A, Nittedal",60.053025,10.866784
68925,"Velveien 1, Nittedal",60.053815,10.866207
68926,"Velveien 3, Nittedal",60.053504,10.86612
68935,"Utsiktsveien 52, Nittedal",60.064644,10.868007
68936,"Utsiktsveien 53A, Nittedal",60.065371,10.869428
68937,"Utsiktsveien 53B, Nittedal",60.065303,10.86994
68938,"Utsiktsveien 54, Nittedal",60.064603,10.868606
68939,"Utsiktsveien 50A, Nittedal",60.064455,10.867699
68940,"Utsiktsveien 50B, Nittedal",60.064417,10.867225
68941,"Utsiktsveien 51A, Nittedal",60.065229,10.869468
68942,"Utsiktsveien 51B, Nittedal",60.065134,10.869858
68943,"Utsiktsveien 47B, Nittedal",60.064643,10.869615
68944,"Utsiktsveien 48, Nittedal",60.064363,10.868467
68945,"Utsiktsveien 49A, Nittedal",60.064926,10.869289
68946,"Utsiktsveien 49B, Nittedal",60.064812,10.869714
68947,"Utsiktsveien 45A, Nittedal",60.064197,10.869374
68948,"Utsiktsveien 45B, Nittedal",60.064404,10.869368
68949,"Utsiktsveien 46, Nittedal",60.064087,10.868308
68950,"Utsiktsveien 47A, Nittedal",60.064582,10.869521
68951,"Utsiktsveien 68, Nittedal",60.065717,10.868597
68952,"Utsiktsveien 70, Nittedal",60.06592,10.868896
68954,"Utsiktsveien 59C, Nittedal",60.066225,10.870189
68955,"Utsiktsveien 60, Nittedal",60.065437,10.868725
68956,"Utsiktsveien 61, Nittedal",60.066029,10.869406
68957,"Utsiktsveien 66, Nittedal",60.065727,10.867933
68958,"Utsiktsveien 58A, Nittedal",60.065117,10.86851
68959,"Utsiktsveien 58B, Nittedal",60.065247,10.868158
68960,"Utsiktsveien 59A, Nittedal",60.065938,10.870137
68961,"Utsiktsveien 59B, Nittedal",60.066081,10.870163
68962,"Utsiktsveien 55, Nittedal",60.06553,10.869773
68963,"Utsiktsveien 56A, Nittedal",60.06488,10.868748
68964,"Utsiktsveien 56B, Nittedal",60.064961,10.868185
68965,"Utsiktsveien 57, Nittedal",60.065727,10.869802
68966,"Utsiktsveien 29A, Nittedal",60.061992,10.869087
68967,"Utsiktsveien 29B, Nittedal",60.061996,10.869447
68968,"Utsiktsveien 31A, Nittedal",60.062237,10.86894
68969,"Utsiktsveien 31C, Nittedal",60.062259,10.869316
68970,"Utsiktsveien 23, Nittedal",60.060889,10.868826
68971,"Utsiktsveien 24, Nittedal",60.062714,10.86823
68972,"Utsiktsveien 26, Nittedal",60.062776,10.86764
68973,"Utsiktsveien 28, Nittedal",60.063153,10.86768
68974,"Utsiktsveien 19B, Nittedal",60.060155,10.869397
68975,"Utsiktsveien 20, Nittedal",60.062214,10.86813
68976,"Utsiktsveien 21, Nittedal",60.060527,10.869146
68977,"Utsiktsveien 22, Nittedal",60.062515,10.868326
68978,"Utsiktsveien 14A, Nittedal",60.060821,10.868164
68979,"Utsiktsveien 15A, Nittedal",60.059677,10.868382
68980,"Utsiktsveien 15B, Nittedal",60.059412,10.868868
68981,"Utsiktsveien 19A, Nittedal",60.060071,10.869015
68982,"Utsiktsveien 43A, Nittedal",60.063876,10.869093
68983,"Utsiktsveien 43B, Nittedal",60.064009,10.869327
68984,"Utsiktsveien 44A, Nittedal",60.064068,10.867732
68985,"Utsiktsveien 44B, Nittedal",60.064184,10.867756
68986,"Utsiktsveien 39, Nittedal",60.0635,10.869119
68987,"Utsiktsveien 40, Nittedal",60.063853,10.868294
68988,"Utsiktsveien 41, Nittedal",60.063699,10.869076
68989,"Utsiktsveien 42, Nittedal",60.063923,10.867662
68990,"Utsiktsveien 36A, Nittedal",60.063593,10.867669
68991,"Utsiktsveien 36B, Nittedal",60.063542,10.868079
68992,"Utsiktsveien 37, Nittedal",60.063295,10.868978
68993,"Utsiktsveien 38, Nittedal",60.063609,10.868424
68994,"Utsiktsveien 32, Nittedal",60.063339,10.868463
68995,"Utsiktsveien 33, Nittedal",60.062648,10.869071
68996,"Utsiktsveien 35A, Nittedal",60.062851,10.86887
68997,"Utsiktsveien 35B, Nittedal",60.063066,10.868915
69014,"Utsiktsveien 9, Nittedal",60.059256,10.86786
69015,"Utsiktsveien 12, Nittedal",60.06053,10.868286
69016,"Utsiktsveien 3A, Nittedal",60.059351,10.866712
69017,"Utsiktsveien 3B, Nittedal",60.05931,10.867157
69018,"Utsiktsveien 6A, Nittedal",60.059929,10.867717
69019,"Utsiktsveien 6B, Nittedal",60.06004,10.867222
69023,"Utsiktsveien 1, Nittedal",60.059204,10.866141
69086,"Tumyrveien 11A, Nittedal",60.060064,10.859331
69087,"Tumyrveien 11B, Nittedal",60.060027,10.859401
69088,"Tumyrveien 11C, Nittedal",60.059981,10.85947
69089,"Tumyrveien 11D, Nittedal",60.059944,10.859576
69090,"Tumyrveien 7, Nittedal",60.059876,10.860966
69091,"Tumyrveien 8, Nittedal",60.059327,10.862361
69092,"Tumyrveien 9, Nittedal",60.059838,10.860414
69093,"Tumyrveien 10, Nittedal",60.059356,10.861865
69094,"Tumyrveien 4A, Nittedal",60.058816,10.864303
69095,"Tumyrveien 4B, Nittedal",60.058988,10.864265
69096,"Tumyrveien 5, Nittedal",60.059643,10.861016
69097,"Tumyrveien 6, Nittedal",60.058879,10.863863
69098,"Tumyrveien 2, Nittedal",60.059048,10.864839
69099,"Tumyrveien 3A, Nittedal",60.059794,10.861777
69100,"Tumyrveien 3B, Nittedal",60.059816,10.861413
69101,"Tumyrveien 3C, Nittedal",60.059637,10.861463
69102,"Tumyrveien 13H, Nittedal",60.060047,10.859858
69103,"Tumyrveien 14, Nittedal",60.059415,10.860103
69104,"Tumyrveien 15, Nittedal",60.060406,10.859373
69105,"Tumyrveien 16, Nittedal",60.059437,10.859432
69106,"Tumyrveien 13D, Nittedal",60.060091,10.859961
69107,"Tumyrveien 13E, Nittedal",60.060163,10.859627
69108,"Tumyrveien 13F, Nittedal",60.060126,10.859701
69109,"Tumyrveien 13G, Nittedal",60.060081,10.85979
69110,"Tumyrveien 12, Nittedal",60.059426,10.860707
69111,"Tumyrveien 13A, Nittedal",60.060211,10.859734
69112,"Tumyrveien 13B, Nittedal",60.060174,10.859804
69113,"Tumyrveien 13C, Nittedal",60.060128,10.859909
69114,"Tumyrveien 11E, Nittedal",60.060011,10.859233
69115,"Tumyrveien 11F, Nittedal",60.059976,10.859297
69116,"Tumyrveien 11G, Nittedal",60.059937,10.859379
69117,"Tumyrveien 11H, Nittedal",60.059906,10.859444
69118,"Torvveien 6, Nittedal",60.036057,10.894658
69119,"Torvveien 8, Nittedal",60.035745,10.894479
69120,"Torvveien 10, Nittedal",60.036449,10.894878
69121,"Torvveien 20, Nittedal",60.037126,10.892134
69123,"Torvveien 2, Nittedal",60.036314,10.895553
69124,"Torvveien 3, Nittedal",60.036955,10.895284
69125,"Torvveien 5, Nittedal",60.037264,10.893812
69134,"Trollveien 16, Nittedal",60.055715,10.857523
69135,"Trollveien 18, Nittedal",60.055633,10.857052
69136,"Trollveien 20, Nittedal",60.055394,10.857114
69137,"Tumyrveien 1, Nittedal",60.058905,10.866062
69138,"Trollveien 12, Nittedal",60.055903,10.856959
69139,"Trollveien 13, Nittedal",60.05701,10.856324
69140,"Trollveien 14, Nittedal",60.055952,10.857544
69141,"Trollveien 15, Nittedal",60.05673,10.856212
69142,"Trollveien 9, Nittedal",60.05757,10.856429
69143,"Trollveien 10, Nittedal",60.056964,10.856749
69144,"Trollveien 11A, Nittedal",60.057288,10.856245
69145,"Trollveien 11B, Nittedal",60.057331,10.855717
69146,"Trollveien 2A, Nittedal",60.059359,10.85679
69147,"Trollveien 4, Nittedal",60.05794,10.857063
69148,"Trollveien 7, Nittedal",60.057831,10.856401
69149,"Trollveien 8, Nittedal",60.057134,10.85694
69214,"Tajet 5, Nittedal",60.056529,10.86921
69215,"Tajet 6, Nittedal",60.057259,10.869353
69216,"Tajet 7A, Nittedal",60.056273,10.870165
69217,"Tajet 7B, Nittedal",60.056116,10.869833
69218,"Tajet 1, Nittedal",60.055934,10.869427
69219,"Tajet 2, Nittedal",60.05684,10.868868
69220,"Tajet 3, Nittedal",60.056169,10.869137
69221,"Tajet 4, Nittedal",60.0572,10.86868
69222,"Sørliveien 55, Nittedal",60.059771,10.851124
69223,"Sørliveien 56A, Nittedal",60.058945,10.852621
69224,"Sørliveien 59, Nittedal",60.060058,10.850797
69225,"Sørliveien 61, Nittedal",60.059875,10.850409
69226,"Sørliveien 50B, Nittedal",60.058409,10.85357
69227,"Sørliveien 51, Nittedal",60.059128,10.852398
69228,"Sørliveien 52, Nittedal",60.058203,10.853046
69229,"Sørliveien 54, Nittedal",60.058975,10.85309
69242,"Tajet 8, Nittedal",60.057125,10.870285
69243,"Tajet 9, Nittedal",60.056312,10.870634
69244,"Tajet 10, Nittedal",60.05671,10.869759
69245,"Skolemesterveien 33, Nittedal",60.056413,10.871736
69246,"Sørliveien 44, Nittedal",60.059147,10.854333
69247,"Sørliveien 45, Nittedal",60.059803,10.851663
69248,"Sørliveien 48A, Nittedal",60.058824,10.853789
69249,"Sørliveien 50A, Nittedal",60.058597,10.854006
69250,"Sørliveien 39, Nittedal",60.059535,10.852945
69251,"Sørliveien 40, Nittedal",60.059767,10.854679
69252,"Sørliveien 42A, Nittedal",60.059521,10.854468
69253,"Sørliveien 42B, Nittedal",60.059473,10.854716
69254,"Sørliveien 30B, Nittedal",60.059097,10.857861
69255,"Sørliveien 31, Nittedal",60.059923,10.856915
69256,"Sørliveien 32, Nittedal",60.059227,10.857503
69257,"Sørliveien 35, Nittedal",60.059894,10.854183
69258,"Sørliveien 27, Nittedal",60.059501,10.85753
69259,"Sørliveien 28, Nittedal",60.058722,10.858339
69260,"Sørliveien 29, Nittedal",60.059656,10.857177
69261,"Sørliveien 30A, Nittedal",60.058992,10.858148
69315,"Rauerskauveien 606, Nittedal",60.05134,10.889417
69316,"Rauerskauveien 618, Nittedal",60.052586,10.888816
69317,"Rauerskauveien 628, Nittedal",60.052819,10.886962
69318,"Rauerskauveien 632, Nittedal",60.053295,10.886953
69319,"Rauerskauveien 528, Nittedal",60.046107,10.899706
69320,"Rauerskauveien 580, Nittedal",60.050256,10.894107
69321,"Rauerskauveien 600, Nittedal",60.050981,10.890521
69322,"Rauerskauveien 602, Nittedal",60.051161,10.889848
69323,"Rauerskauveien 490, Nittedal",60.044893,10.904826
69324,"Rauerskauveien 506, Nittedal",60.045187,10.903747
69325,"Rauerskauveien 507, Nittedal",60.045502,10.904304
69326,"Rauerskauveien 520, Nittedal",60.046308,10.900723
69328,"Rauerskauveien 484, Nittedal",60.044844,10.90511
69329,"Rauerskauveien 486, Nittedal",60.044863,10.90504
69330,"Rauerskauveien 488, Nittedal",60.044873,10.90495
69332,"Myrveien 34B, Nittedal",60.054084,10.863665
69333,"Myrveien 34A, Nittedal",60.054218,10.863726
69339,"Rauerskauveien 636, Nittedal",60.053691,10.886957
69340,"Rauerskauveien 518, Nittedal",60.046547,10.90043
69341,"Rauerskauveien 522, Nittedal",60.045817,10.900551
69357,"Rauerskauveien 612, Nittedal",60.0518,10.889166
69359,"Rauerskauveien 416, Nittedal",60.040252,10.912082
69360,"Rauerskauveien 421, Nittedal",60.040874,10.911956
69361,"Rauerskauveien 429, Nittedal",60.0412,10.911724
69362,"Rauerskauveien 454, Nittedal",60.041681,10.908286
69363,"Rauerskauveien 378, Nittedal",60.03722,10.909985
69364,"Rauerskauveien 380, Nittedal",60.032979,10.908861
69365,"Rauerskauveien 382, Nittedal",60.037605,10.908194
69366,"Rauerskauveien 384, Nittedal",60.038043,10.909584
69370,"Rauerskauveien 370, Nittedal",60.036819,10.911632
69375,"Alf Prøysens vei 3A, Nittedal",60.054712,10.868137
69376,"Alf Prøysens vei 3B, Nittedal",60.054546,10.867784
69390,"Rauerskauveien 638, Nittedal",60.054043,10.886816
69392,"Rauerskauveien 559, Nittedal",60.04932,10.896766
69402,"Rauerskauveien 418, Nittedal",60.040335,10.911979
69407,"Peer Gynts vei 4, Nittedal",60.054223,10.85558
69408,"Nyveien 1K, Nittedal",60.055988,10.866391
69427,"Askveien 53A, Nittedal",60.062056,10.907091
69428,"Askveien 53B, Nittedal",60.062152,10.906473
69432,"Stjerneveien 28, Nittedal",60.059695,10.866257
69434,"Solliveien 5E, Nittedal",60.054436,10.875127
69435,"Solliveien 5F, Nittedal",60.054498,10.875161
69436,"Solliveien 5G, Nittedal",60.054559,10.875198
69437,"Solliveien 5H, Nittedal",60.054625,10.875234
69438,"Solliveien 5A, Nittedal",60.054199,10.874989
69439,"Solliveien 5B, Nittedal",60.054257,10.875023
69440,"Solliveien 5C, Nittedal",60.054311,10.875053
69441,"Solliveien 5D, Nittedal",60.054373,10.875089
69442,"Stjerneveien 38, Nittedal",60.05942,10.864253
69446,"Høgdaveien 51, Nittedal",60.064102,10.859477
69447,"Eventyrveien 2C, Nittedal",60.05459,10.858969
69448,"Stjerneveien 44, Nittedal",60.059604,10.864125
69449,"Stjerneveien 42, Nittedal",60.059628,10.864414
69450,"Solliveien 5U, Nittedal",60.054429,10.875166
69451,"Solliveien 5V, Nittedal",60.054491,10.875203
69452,"Solliveien 5W, Nittedal",60.054549,10.875259
69453,"Solliveien 5X, Nittedal",60.054619,10.875281
69454,"Solliveien 5Q, Nittedal",60.054191,10.87503
69455,"Solliveien 5R, Nittedal",60.054252,10.875064
69456,"Solliveien 5S, Nittedal",60.054305,10.87509
69457,"Solliveien 5T, Nittedal",60.054366,10.87513
69458,"Solliveien 5M, Nittedal",60.054433,10.875146
69459,"Solliveien 5N, Nittedal",60.054494,10.875184
69460,"Solliveien 5O, Nittedal",60.054554,10.875229
69461,"Solliveien 5P, Nittedal",60.054621,10.875258
69462,"Solliveien 5I, Nittedal",60.054195,10.875009
69463,"Solliveien 5J, Nittedal",60.054255,10.875045
69464,"Solliveien 5K, Nittedal",60.054307,10.875073
69465,"Solliveien 5L, Nittedal",60.05437,10.875109
69485,"Svingen 10, Nittedal",60.063016,10.86163
69542,"Stjerneveien 19, Nittedal",60.060233,10.86455
69546,"Skogveien 4, Nittedal",60.060757,10.863712
69587,"Øvre Nygård 17F, Nittedal",60.047923,10.870627
69588,"Øvre Nygård 17G, Nittedal",60.047869,10.870606
69589,"Øvre Nygård 17H, Nittedal",60.047851,10.870623
69590,"Øvre Nygård 17J, Nittedal",60.047789,10.870601
69591,"Øvre Nygård 17B, Nittedal",60.048085,10.870636
69592,"Øvre Nygård 17C, Nittedal",60.048031,10.870633
69593,"Øvre Nygård 17D, Nittedal",60.048004,10.870631
69594,"Øvre Nygård 17E, Nittedal",60.04795,10.870628
69595,"Øvre Nygård 13K, Nittedal",60.048261,10.869308
69596,"Øvre Nygård 13L, Nittedal",60.048263,10.869232
69597,"Øvre Nygård 15, Nittedal",60.047931,10.870052
69598,"Øvre Nygård 17A, Nittedal",60.048112,10.870619
69599,"Øvre Nygård 13F, Nittedal",60.048216,10.869614
69600,"Øvre Nygård 13G, Nittedal",60.048254,10.869546
69601,"Øvre Nygård 13H, Nittedal",60.048256,10.869466
69602,"Øvre Nygård 13J, Nittedal",60.048258,10.86939
69615,"Øvre Nygård 17K, Nittedal",60.04777,10.870618
69616,"Øvre Nygård 17L, Nittedal",60.047717,10.870615
69617,"Øvre Nygård 17M, Nittedal",60.047689,10.870631
69618,"Øvre Nygård 17N, Nittedal",60.047636,10.87061
69619,"Øvre Nygård 9H, Nittedal",60.048545,10.869568
69620,"Øvre Nygård 9J, Nittedal",60.048547,10.869478
69621,"Øvre Nygård 9K, Nittedal",60.048549,10.869417
69622,"Øvre Nygård 9L, Nittedal",60.048552,10.869326
69623,"Øvre Nygård 9D, Nittedal",60.048553,10.86989
69624,"Øvre Nygård 9E, Nittedal",60.048556,10.869788
69625,"Øvre Nygård 9F, Nittedal",60.048558,10.869727
69626,"Øvre Nygård 9G, Nittedal",60.048542,10.869631
69627,"Øvre Nygård 7, Nittedal",60.049337,10.870976
69628,"Øvre Nygård 9A, Nittedal",60.048547,10.8701
69629,"Øvre Nygård 9B, Nittedal",60.048549,10.870032
69630,"Øvre Nygård 9C, Nittedal",60.048552,10.869944
69631,"Øvre Nygård 5, Nittedal",60.049552,10.871006
69632,"Øvre Nygård 6A, Nittedal",60.049125,10.871673
69633,"Øvre Nygård 6B, Nittedal",60.049007,10.871722
69634,"Øvre Nygård 6C, Nittedal",60.048891,10.871734
69635,"Øvre Nygård 13B, Nittedal",60.048207,10.869935
69636,"Øvre Nygård 13C, Nittedal",60.048209,10.869854
69637,"Øvre Nygård 13D, Nittedal",60.048212,10.869776
69638,"Øvre Nygård 13E, Nittedal",60.048215,10.869691
69639,"Øvre Nygård 12A, Nittedal",60.04787,10.871809
69640,"Øvre Nygård 12B, Nittedal",60.047864,10.871593
69641,"Øvre Nygård 12C, Nittedal",60.047877,10.871342
69642,"Øvre Nygård 13A, Nittedal",60.048205,10.870001
69643,"Øvre Nygård 9R, Nittedal",60.048546,10.868941
69644,"Øvre Nygård 9S, Nittedal",60.04855,10.868848
69645,"Øvre Nygård 9T, Nittedal",60.048551,10.868794
69646,"Øvre Nygård 10, Nittedal",60.04837,10.871374
69647,"Øvre Nygård 9M, Nittedal",60.048554,10.869263
69648,"Øvre Nygård 9N, Nittedal",60.048538,10.869155
69649,"Øvre Nygård 9O, Nittedal",60.04854,10.869099
69650,"Øvre Nygård 9P, Nittedal",60.048543,10.869004
69652,"Øvre Huseby 40, Nittedal",60.05171,10.867829
69653,"Øvre Huseby 38, Nittedal",60.051507,10.867904
69654,"Øvre Huseby 36, Nittedal",60.051342,10.868092
69655,"Øvre Huseby 34, Nittedal",60.05156,10.868223
69656,"Øvre Huseby 48, Nittedal",60.051882,10.868857
69657,"Øvre Huseby 31, Nittedal",60.051951,10.869384
69658,"Øvre Huseby 44, Nittedal",60.051925,10.868218
69659,"Øvre Huseby 42, Nittedal",60.051909,10.867948
69660,"Øvre Bjertnes 30B, Nittedal",60.047774,10.875848
69661,"Øvre Bjertnes 30C, Nittedal",60.047781,10.87573
69662,"Øvre Bjertnes 30D, Nittedal",60.047785,10.875617
69663,"Øvre Bjertnes 30E, Nittedal",60.047789,10.875506
69664,"Øvre Bjertnes 27, Nittedal",60.048172,10.874574
69665,"Øvre Bjertnes 28, Nittedal",60.048152,10.875357
69666,"Øvre Bjertnes 29, Nittedal",60.047869,10.874449
69667,"Øvre Bjertnes 30A, Nittedal",60.047772,10.875961
69668,"Øvre Nygård 1B, Nittedal",60.05013,10.871416
69669,"Øvre Nygård 2A, Nittedal",60.049812,10.871691
69670,"Øvre Nygård 3, Nittedal",60.049923,10.870544
69671,"Øvre Nygård 4, Nittedal",60.04947,10.87158
69672,"Øvre Huseby 4, Nittedal",60.049821,10.867896
69673,"Øvre Huseby 1, Nittedal",60.049536,10.868347
69674,"Øvre Huseby 2, Nittedal",60.049606,10.867812
69675,"Øvre Nygård 1A, Nittedal",60.050451,10.870967
69676,"Øvre Huseby 15, Nittedal",60.050396,10.869303
69677,"Øvre Huseby 11, Nittedal",60.050099,10.868555
69678,"Øvre Huseby 7, Nittedal",60.050077,10.869202
69679,"Lundveien 19, Nittedal",60.050279,10.867933
69680,"Øvre Huseby 32, Nittedal",60.051568,10.868636
69681,"Øvre Huseby 17, Nittedal",60.05064,10.869056
69682,"Øvre Huseby 28, Nittedal",60.051348,10.868762
69683,"Øvre Huseby 13, Nittedal",60.050368,10.868728
69684,"Øvre Bjertnes 7, Nittedal",60.050405,10.874975
69686,"Øvre Bjertnes 8, Nittedal",60.050376,10.875766
69688,"Øvre Bjertnes 9, Nittedal",60.050195,10.874935
69689,"Øvre Bjertnes 10, Nittedal",60.050152,10.87573
69690,"Eventyrveien 10B, Nittedal",60.054666,10.857428
69691,"Øvre Bjertnes 3, Nittedal",60.050879,10.874979
69692,"Velveien 14, Nittedal",60.052322,10.866734
69693,"Øvre Bjertnes 4, Nittedal",60.050819,10.875828
69694,"Lysgata 1, Nittedal",60.057232,10.862674
69695,"Øvre Bjertnes 5, Nittedal",60.050625,10.875009
69696,"Kruttverkveien 25, Nittedal",60.055499,10.860116
69697,"Øvre Bjertnes 6, Nittedal",60.050598,10.875789
69698,"Kruttverkveien 23, Nittedal",60.055457,10.860622
69699,"Østliveien 17, Nittedal",60.057582,10.857628
69700,"Østliveien 19, Nittedal",60.057551,10.857192
69701,"Øvre Bjertnes 1, Nittedal",60.051106,10.87509
69702,"Øvre Bjertnes 2, Nittedal",60.051047,10.875868
69703,"Lyngveien 17B, Nittedal",60.061764,10.862998
69704,"Østliveien 13, Nittedal",60.057648,10.858967
69705,"Østliveien 14, Nittedal",60.057271,10.857596
69706,"Østliveien 15, Nittedal",60.057448,10.858435
69707,"Østliveien 16, Nittedal",60.05709,10.857662
69708,"Øvre Bjertnes 23, Nittedal",60.048639,10.874636
69709,"Øvre Bjertnes 24, Nittedal",60.048578,10.875462
69710,"Øvre Bjertnes 25, Nittedal",60.048422,10.874696
69711,"Øvre Bjertnes 26, Nittedal",60.048349,10.875424
69712,"Øvre Bjertnes 19, Nittedal",60.049096,10.87468
69714,"Øvre Bjertnes 20, Nittedal",60.04902,10.875532
69715,"Øvre Bjertnes 21A, Nittedal",60.048897,10.874627
69716,"Øvre Bjertnes 22, Nittedal",60.048795,10.875509
69717,"Øvre Bjertnes 15, Nittedal",60.049535,10.874759
69719,"Øvre Bjertnes 16, Nittedal",60.04947,10.875615
69721,"Øvre Bjertnes 17, Nittedal",60.04932,10.874747
69723,"Øvre Bjertnes 18, Nittedal",60.049249,10.875578
69725,"Øvre Bjertnes 11, Nittedal",60.049983,10.874856
69726,"Eventyrveien 10A, Nittedal",60.055001,10.857471
69727,"Øvre Bjertnes 12, Nittedal",60.049924,10.875686
69729,"Øvre Bjertnes 13, Nittedal",60.049759,10.874807
69731,"Øvre Bjertnes 14, Nittedal",60.049692,10.875655
69750,"Østliveien 9, Nittedal",60.05793,10.858614
69751,"Østliveien 10, Nittedal",60.057135,10.858507
69752,"Østliveien 11, Nittedal",60.057793,10.858382
69753,"Østliveien 12, Nittedal",60.057053,10.858199
69754,"Østliveien 5, Nittedal",60.058099,10.859209
69755,"Østliveien 6, Nittedal",60.057401,10.859416
69756,"Østliveien 7, Nittedal",60.057838,10.858963
69757,"Østliveien 8, Nittedal",60.05723,10.859116
69758,"Østliveien 2, Nittedal",60.057721,10.859761
69759,"Østliveien 3, Nittedal",60.058222,10.858848
69760,"Østliveien 4, Nittedal",60.057473,10.859789
69770,"Tumyrveien 49A, Nittedal",60.062967,10.857151
69775,"Høgdaveien 47, Nittedal",60.06414,10.860728
69776,"Høgdaveien 43, Nittedal",60.063853,10.861305
69782,"Høgdaveien 49, Nittedal",60.064094,10.860151
69783,"Gamleveien 264, Hakadal",60.073878,10.894114
69784,"Gamleveien 279, Hakadal",60.076485,10.897067
69785,"Gamleveien 281, Hakadal",60.076361,10.895676
69788,"Tumyrveien 21, Nittedal",60.061248,10.859556
69790,"Tumyrveien 49B, Nittedal",60.063051,10.857648
69791,"Askeladdveien 13, Nittedal",60.05442,10.85813
69792,"Askeladdveien 15, Nittedal",60.054109,10.858024
69802,"Gaustadgata 14, Nittedal",60.037002,10.897064
69822,"Gamleveien 156, Nittedal",60.067242,10.890211
69823,"Gamleveien 152, Nittedal",60.066047,10.891544
69824,"Gamleveien 198, Hakadal",60.068921,10.89719
69825,"Gamleveien 232, Hakadal",60.071566,10.896264
69826,"Gamleveien 120, Nittedal",60.063555,10.889893
69827,"Gamleveien 123, Nittedal",60.063483,10.890589
69828,"Gamleveien 125, Nittedal",60.063278,10.891081
69829,"Gamleveien 160, Nittedal",60.067231,10.893481
69830,"Gamleveien 49, Nittedal",60.057153,10.888653
69831,"Gamleveien 68, Nittedal",60.059027,10.888107
69832,"Gamleveien 134, Nittedal",60.064505,10.890479
69836,"Gamleveien 85, Nittedal",60.060607,10.888826
69903,"Nyveien 6B, Nittedal",60.055721,10.867296
69904,"Lyngveien 12A, Nittedal",60.06265,10.862425
69905,"Lyngveien 12B, Nittedal",60.062789,10.862312
69907,"Peiskrokveien 22, Nittedal",60.064456,10.864038
69908,"Peiskrokveien 20, Nittedal",60.064301,10.863806
69909,"Peiskrokveien 16, Nittedal",60.064053,10.863688
69910,"Nyveien 6C, Nittedal",60.054949,10.867917
69911,"Skogveien 43, Nittedal",60.063692,10.866957
69912,"Skogveien 45, Nittedal",60.06368,10.867187
69913,"Skogveien 57, Nittedal",60.06425,10.866268
69914,"Skogveien 37, Nittedal",60.063726,10.866255
69928,"Utsiktsveien 30A, Nittedal",60.063071,10.868079
69929,"Utsiktsveien 30B, Nittedal",60.062983,10.868021
69931,"Skogveien 47, Nittedal",60.063846,10.867052
69932,"Skogveien 55, Nittedal",60.063961,10.866396
69933,"Skogveien 39, Nittedal",60.063716,10.866492
69934,"Skogveien 41, Nittedal",60.063704,10.866725
69935,"Skogveien 59, Nittedal",60.06423,10.866411
69936,"Skogveien 53, Nittedal",60.064203,10.866821
69937,"Skogveien 51, Nittedal",60.064185,10.867109
69938,"Skogveien 49, Nittedal",60.064019,10.867084
69949,"Torvveien 4B, Nittedal",60.036114,10.895057
69950,"Torvveien 4A, Nittedal",60.036166,10.895185
69966,"Sagerudveien 22A, Nittedal",60.051312,10.863419
69967,"Tajet 20, Nittedal",60.057079,10.874235
69968,"Utsiktsveien 10A, Nittedal",60.060249,10.867857
69969,"Utsiktsveien 10B, Nittedal",60.060432,10.867742
69972,"Sagerudsvingen 2, Nittedal",60.051138,10.863366
69973,"Sagerudveien 22B, Nittedal",60.051146,10.863732
69974,"Askveien 72, Nittedal",60.066097,10.91117
69976,"Utsiktsveien 62B, Nittedal",60.065512,10.867903
69977,"Utsiktsveien 62A, Nittedal",60.065497,10.868297
69985,"Tumyrveien 104, Hakadal",60.067075,10.851262
70009,"Kruttverkveien 18, Nittedal",60.055699,10.861916
70010,"Tumyrveien 62, Nittedal",60.063367,10.856283
70018,"Kvernstuveien 9, Nittedal",60.049311,10.879157
70019,"Kvernstuveien 5, Nittedal",60.049476,10.880817
70020,"Kvernstuveien 3, Nittedal",60.049432,10.881599
70047,"Skogveien 83, Nittedal",60.065291,10.866431
70051,"Rusveien 19, Nittedal",60.067002,10.910036
70052,"Rusveien 13, Nittedal",60.066779,10.909358
70053,"Rusveien 17, Nittedal",60.067355,10.909859
70054,"Rusveien 16, Nittedal",60.067774,10.910104
70104,"Gamleveien 275, Hakadal",60.078482,10.903114
70105,"Gamleveien 277, Hakadal",60.077961,10.903713
70108,"Gamleveien 149, Nittedal",60.065626,10.892688
70109,"Gamleveien 139, Nittedal",60.065142,10.893254
70110,"Gamleveien 274, Hakadal",60.075247,10.893969
70111,"Gamleveien 280, Hakadal",60.075869,10.893689
70128,"Berget 18, Nittedal",60.050834,10.881352
70130,"Nedre Nygård 6B, Nittedal",60.048865,10.873494
70131,"Nyveien 1H, Nittedal",60.056337,10.866143
70132,"Nyveien 1I, Nittedal",60.056291,10.866309
70135,"Nyveien 1D, Nittedal",60.056477,10.866516
70136,"Nyveien 1E, Nittedal",60.056503,10.866329
70137,"Nyveien 1F, Nittedal",60.056528,10.86614
70138,"Nyveien 1G, Nittedal",60.056373,10.865957
70143,"Gamleveien 38, Nittedal",60.056635,10.88391
70144,"Gamleveien 42, Nittedal",60.056782,10.885553
70145,"Gamleveien 47, Nittedal",60.056984,10.887163
70146,"Gamleveien 106, Nittedal",60.062363,10.888459
70147,"Gamleveien 28, Nittedal",60.056069,10.883914
70148,"Gamleveien 32, Nittedal",60.056233,10.884616
70149,"Gamleveien 34, Nittedal",60.056421,10.884455
70150,"Gamleveien 36, Nittedal",60.056408,10.884059
70151,"Gamleveien 9, Nittedal",60.054085,10.883837
70152,"Gamleveien 11, Nittedal",60.054143,10.884199
70153,"Gamleveien 13, Nittedal",60.054254,10.884619
70154,"Gamleveien 26, Nittedal",60.055931,10.884157
70155,"Nedre Nygård 6A, Nittedal",60.048849,10.873132
70157,"Gamleveien 1, Nittedal",60.053795,10.882503
70158,"Gamleveien 2, Nittedal",60.054022,10.882015
70167,"Nyveien 1C, Nittedal",60.056467,10.866688
70168,"Skolebakken 1B, Nittedal",60.053732,10.871536
70169,"Askveien 49, Nittedal",60.075433,10.922027
70173,"Nyveien 1A, Nittedal",60.056545,10.867127
70174,"Nyveien 1B, Nittedal",60.056497,10.866898
70229,"Tumyrveien 56A, Nittedal",60.063555,10.854333
70230,"Tumyrveien 56B, Nittedal",60.063799,10.854312
70231,"Tumyrveien 23, Nittedal",60.061025,10.859313
70277,"Hadelandsveien 899, Nittedal",60.060727,10.882311
70280,"Hadelandsveien 629, Nittedal",60.037144,10.887791
70284,"Hadelandsveien 897, Nittedal",60.060407,10.882023
70305,"Hadelandsveien 631, Nittedal",60.037455,10.88736
70306,"Hadelandsveien 745, Nittedal",60.045969,10.887415
70307,"Hadelandsveien 837, Nittedal",60.055304,10.882054
70308,"Hadelandsveien 849, Nittedal",60.055817,10.882105
70309,"Hadelandsveien 656, Nittedal",60.039291,10.884556
70310,"Hadelandsveien 664, Nittedal",60.040038,10.883862
70311,"Hadelandsveien 666, Nittedal",60.040331,10.884058
70312,"Hadelandsveien 673, Nittedal",60.040278,10.885276
70328,"Hadelandsveien 896, Nittedal",60.05888,10.879482
70329,"Hadelandsveien 898, Nittedal",60.06054,10.881131
70332,"Bjertnestangen 6, Nittedal",60.050365,10.882691
70333,"Hadelandsveien 835, Nittedal",60.054827,10.882183
70334,"Hadelandsveien 833, Nittedal",60.055115,10.882054
70335,"Hadelandsveien 675, Nittedal",60.0409,10.885725
70336,"Bjertnestangen 4, Nittedal",60.050003,10.882939
70338,"Rådhusveien 1, Nittedal",60.042878,10.881585
70339,"Svartkruttveien 37, Nittedal",60.044319,10.879042
70356,"Moveien 58, Nittedal",60.038254,10.882342
70357,"Moveien 56, Nittedal",60.038374,10.881523
70358,"Peer Gynts vei 43, Nittedal",60.057579,10.853353
70359,"Moveien 75, Nittedal",60.03719,10.880091
70360,"Moveien 57, Nittedal",60.03836,10.876136
70361,"Moveien 67, Nittedal",60.037381,10.880569
70362,"Moveien 71, Nittedal",60.036926,10.880992
70363,"Moveien 59, Nittedal",60.037691,10.879007
70364,"Moveien 33, Nittedal",60.040534,10.879904
70365,"Moveien 35, Nittedal",60.040325,10.880072
70366,"Moveien 47, Nittedal",60.039141,10.879951
70367,"Moveien 49, Nittedal",60.039334,10.87901
70405,"Hulderveien 1A, Nittedal",60.057322,10.860231
70406,"Hulderveien 1B, Nittedal",60.057063,10.860042
70423,"Nordre Skøyen 4, Nittedal",60.032739,10.886121
70424,"Nedre Skøyen 4, Nittedal",60.032976,10.89091
70426,"Nedre Skøyen 6, Nittedal",60.033221,10.889523
70427,"Nedre Skøyen 1, Nittedal",60.034007,10.889802
70428,"Ulvestuveien 9, Nittedal",60.035019,10.884826
70429,"Nordre Skøyen 2, Nittedal",60.032935,10.88624
70431,"Ulvestuveien 1, Nittedal",60.036806,10.88691
70432,"Ulvestuveien 3, Nittedal",60.036544,10.886374
70433,"Ulvestuveien 7, Nittedal",60.035168,10.885901
70486,"Høgdaveien 80, Hakadal",60.065805,10.857246
70488,"Lundveien 7B, Nittedal",60.050304,10.865517
70498,"Berget 22, Nittedal",60.05036,10.88111
70501,"Tumyrveien 34A, Nittedal",60.061539,10.857416
70504,"Berget 30, Nittedal",60.050279,10.880584
70517,"Sørliveien 41, Nittedal",60.059575,10.852566
70519,"Utsiktsveien 27, Nittedal",60.061935,10.868707
70520,"Lundveien 7A, Nittedal",60.050453,10.865759
70534,"Hadelandsveien 894, Nittedal",60.059037,10.880208
70570,"Sørliveien 58, Nittedal",60.058888,10.852222
70597,"Ringveien 33B, Nittedal",60.062448,10.852027
70601,"Høgdaveien 39B, Nittedal",60.063828,10.860357
70604,"Ringveien 33A, Nittedal",60.062559,10.851781
70629,"Solveien 17, Nittedal",60.062724,10.8662
70634,"Berget 24, Nittedal",60.050532,10.880649
70635,"Berget 26, Nittedal",60.049964,10.881195
70636,"Høgdaveien 39A, Nittedal",60.063857,10.860347
70643,"Lysgata 13, Nittedal",60.055329,10.861974
70668,"Sørliveien 62, Nittedal",60.059264,10.851022
70669,"Solveien 15, Nittedal",60.062749,10.866992
70670,"Øvre Huseby 5, Nittedal",60.049766,10.868946
70671,"Øvre Huseby 3, Nittedal",60.049759,10.868485
70698,"Eventyrveien 12B, Nittedal",60.054991,10.856674
70699,"Eventyrveien 12A, Nittedal",60.054912,10.85649
70709,"Kruttverkveien 6A, Nittedal",60.057152,10.861987
70710,"Kruttverkveien 6B, Nittedal",60.057163,10.861862
70713,"Skogveien 33, Nittedal",60.063411,10.866562
70714,"Skogveien 31, Nittedal",60.063369,10.867009
70715,"Tumyrveien 70, Nittedal",60.064238,10.855685
70716,"Kruttverkveien 6C, Nittedal",60.057042,10.861854
70717,"Skogveien 23, Nittedal",60.063163,10.866114
70718,"Skogveien 27, Nittedal",60.063138,10.866781
70719,"Skogveien 29, Nittedal",60.063136,10.86696
70720,"Skogveien 35, Nittedal",60.063435,10.86615
70727,"Velveien 6, Nittedal",60.053392,10.866801
70733,"Skråningen 1A, Nittedal",60.051765,10.87252
70734,"Skråningen 1B, Nittedal",60.051978,10.872482
70736,"Stasjonsveien 29B, Nittedal",60.05108,10.872242
70748,"Rådhusveien 3, Nittedal",60.043278,10.881251
70750,"Lyngveien 18, Nittedal",60.064096,10.862558
70785,"Svingen 4A, Nittedal",60.063395,10.861926
70786,"Svingen 4B, Nittedal",60.063084,10.862029
70837,"Stjerneveien 24, Nittedal",60.059765,10.866743
70840,"Peer Gynts vei 19A, Nittedal",60.057267,10.855114
70842,"Peer Gynts vei 19B, Nittedal",60.057459,10.854837
70845,"Høgdaveien 48A, Nittedal",60.063652,10.858347
70847,"Høgdaveien 48B, Nittedal",60.063715,10.85835
70869,"Høgdaveien 30A, Nittedal",60.061862,10.859163
70871,"Høgdaveien 30B, Nittedal",60.062056,10.859461
70953,"Stasjonsveien 27D, Nittedal",60.050963,10.872298
70988,"Mattias skytters vei 161, Nittedal",60.046256,10.880481
70992,"Mattias skytters vei 153, Nittedal",60.046424,10.880688
70993,"Mattias skytters vei 155, Nittedal",60.046315,10.880772
70994,"Mattias skytters vei 157, Nittedal",60.046307,10.8807
70995,"Mattias skytters vei 159, Nittedal",60.046282,10.880572
70996,"Mattias skytters vei 145, Nittedal",60.046555,10.880301
70997,"Mattias skytters vei 147, Nittedal",60.04658,10.880446
70998,"Mattias skytters vei 149, Nittedal",60.046588,10.880536
70999,"Mattias skytters vei 151, Nittedal",60.046506,10.880603
71000,"Mattias skytters vei 137, Nittedal",60.046997,10.880218
71001,"Mattias skytters vei 139, Nittedal",60.04698,10.880109
71002,"Mattias skytters vei 141, Nittedal",60.046964,10.879983
71003,"Mattias skytters vei 143, Nittedal",60.046548,10.880192
71020,"Mattias skytters vei 97, Nittedal",60.046998,10.88011
71021,"Mattias skytters vei 99, Nittedal",60.046982,10.879984
71022,"Mattias skytters vei 101, Nittedal",60.046521,10.880209
71023,"Mattias skytters vei 103, Nittedal",60.046546,10.880318
71024,"Mattias skytters vei 89, Nittedal",60.047151,10.880065
71025,"Mattias skytters vei 91, Nittedal",60.04707,10.880132
71026,"Mattias skytters vei 93, Nittedal",60.047023,10.880255
71027,"Mattias skytters vei 95, Nittedal",60.047014,10.880219
71028,"Mattias skytters vei 81, Nittedal",60.04745,10.879938
71029,"Mattias skytters vei 83, Nittedal",60.047369,10.879898
71030,"Mattias skytters vei 85, Nittedal",60.047315,10.879949
71031,"Mattias skytters vei 87, Nittedal",60.047242,10.880016
71032,"Mattias skytters vei 73, Nittedal",60.046352,10.880666
71034,"Mattias skytters vei 75, Nittedal",60.046318,10.880557
71035,"Mattias skytters vei 77, Nittedal",60.04631,10.880466
71036,"Mattias skytters vei 79, Nittedal",60.047425,10.879775
71037,"Mattias skytters vei 129, Nittedal",60.04725,10.880071
71038,"Mattias skytters vei 131, Nittedal",60.047169,10.88012
71039,"Mattias skytters vei 133, Nittedal",60.047078,10.880169
71040,"Mattias skytters vei 135, Nittedal",60.047005,10.880272
71041,"Mattias skytters vei 121, Nittedal",60.047452,10.879759
71042,"Mattias skytters vei 123, Nittedal",60.047468,10.879922
71043,"Mattias skytters vei 125, Nittedal",60.047387,10.879953
71044,"Mattias skytters vei 127, Nittedal",60.047323,10.880003
71045,"Mattias skytters vei 113, Nittedal",60.046333,10.880773
71046,"Mattias skytters vei 115, Nittedal",60.046325,10.880683
71047,"Mattias skytters vei 117, Nittedal",60.046291,10.880555
71048,"Mattias skytters vei 119, Nittedal",60.046283,10.880465
71049,"Mattias skytters vei 105, Nittedal",60.046553,10.880426
71050,"Mattias skytters vei 107, Nittedal",60.04657,10.880553
71051,"Mattias skytters vei 109, Nittedal",60.046489,10.880548
71052,"Mattias skytters vei 111, Nittedal",60.046416,10.880616
71053,"Mattias skytters vei 33, Nittedal",60.047233,10.87998
71054,"Mattias skytters vei 35, Nittedal",60.047152,10.880029
71055,"Mattias skytters vei 37, Nittedal",60.047061,10.880096
71056,"Mattias skytters vei 39, Nittedal",60.047041,10.880256
71057,"Mattias skytters vei 25, Nittedal",60.047407,10.879792
71058,"Mattias skytters vei 27, Nittedal",60.04744,10.879956
71059,"Mattias skytters vei 29, Nittedal",60.047361,10.879862
71060,"Mattias skytters vei 31, Nittedal",60.047297,10.879912
71061,"Mattias skytters vei 17, Nittedal",60.046581,10.880356
71062,"Mattias skytters vei 19, Nittedal",60.046615,10.88052
71063,"Mattias skytters vei 21, Nittedal",60.046541,10.880641
71064,"Mattias skytters vei 23, Nittedal",60.046406,10.880723
71065,"Mattias skytters vei 7, Nittedal",60.046986,10.880325
71066,"Mattias skytters vei 11, Nittedal",60.046954,10.880054
71067,"Mattias skytters vei 13, Nittedal",60.046793,10.880027
71068,"Mattias skytters vei 15, Nittedal",60.046648,10.880108
71069,"Mattias skytters vei 65, Nittedal",60.046551,10.88057
71070,"Mattias skytters vei 67, Nittedal",60.04648,10.880512
71071,"Mattias skytters vei 69, Nittedal",60.046399,10.880561
71072,"Mattias skytters vei 71, Nittedal",60.04636,10.880756
71073,"Mattias skytters vei 57, Nittedal",60.046778,10.879828
71074,"Mattias skytters vei 59, Nittedal",60.046502,10.880226
71075,"Mattias skytters vei 61, Nittedal",60.046528,10.880353
71076,"Mattias skytters vei 63, Nittedal",60.046535,10.880443
71077,"Mattias skytters vei 49, Nittedal",60.046649,10.880037
71078,"Mattias skytters vei 51, Nittedal",60.046604,10.880016
71079,"Mattias skytters vei 53, Nittedal",60.046642,10.87991
71080,"Mattias skytters vei 55, Nittedal",60.046705,10.879878
71081,"Mattias skytters vei 41, Nittedal",60.047033,10.880202
71082,"Mattias skytters vei 43, Nittedal",60.047016,10.880093
71083,"Mattias skytters vei 45, Nittedal",60.047,10.879967
71084,"Mattias skytters vei 47, Nittedal",60.046831,10.879885
71085,"Askeladdveien 26, Nittedal",60.053283,10.858644
71097,"Skogveien 20B, Nittedal",60.06254,10.864918
71098,"Skogveien 18A, Nittedal",60.062336,10.865064
71099,"Skogveien 18B, Nittedal",60.062408,10.865104
71101,"Mattias skytters vei 9, Nittedal",60.04697,10.880181
71102,"Mattias skytters vei 1, Nittedal",60.047404,10.87999
71103,"Mattias skytters vei 3, Nittedal",60.047213,10.880123
71104,"Mattias skytters vei 5, Nittedal",60.04715,10.880191
71107,"Stjerneveien 5A, Nittedal",60.061138,10.865816
71108,"Stjerneveien 5B, Nittedal",60.061069,10.865729
71136,"Skogveien 20A, Nittedal",60.062492,10.864875
71157,"Tumyrveien 58B, Nittedal",60.063792,10.854797
71161,"Stjerneveien 20A, Nittedal",60.060275,10.866173
71162,"Stjerneveien 20B, Nittedal",60.060059,10.866068
71163,"Tumyrveien 58A, Nittedal",60.063693,10.854828
71165,"Tumyrveien 32, Nittedal",60.061381,10.857644
71181,"Skogveien 79A, Nittedal",60.065179,10.867194
71182,"Skogveien 79B, Nittedal",60.065187,10.867119
71183,"Lyngveien 25B, Nittedal",60.063153,10.86317
71184,"Solliveien 15, Nittedal",60.055355,10.874805
71185,"Solliveien 19, Nittedal",60.05545,10.875058
71186,"Utsiktsveien 34C, Nittedal",60.063398,10.867836
71189,"Lyngveien 25A, Nittedal",60.06309,10.863166
71193,"Høgdaveien 54A, Nittedal",60.064004,10.858277
71195,"Høgdaveien 54B, Nittedal",60.064032,10.858153
71196,"Blindveien 1D, Nittedal",60.057357,10.86658
71201,"Øvre Nygård 8, Nittedal",60.048275,10.87176
71208,"Svartkruttveien 106, Nittedal",60.046165,10.870437
71209,"Mattias skytters vei 171, Nittedal",60.044524,10.880577
71210,"Mattias skytters vei 173, Nittedal",60.045312,10.881182
71211,"Mattias skytters vei 175, Nittedal",60.045218,10.881212
71212,"Mattias skytters vei 177, Nittedal",60.045025,10.881165
71215,"Mattias skytters vei 167, Nittedal",60.045539,10.88058
71216,"Mattias skytters vei 169, Nittedal",60.045043,10.880572
71221,"Peiskrokveien 29, Nittedal",60.065129,10.865132
71227,"Høgdaveien 35, Nittedal",60.063754,10.859706
71228,"Vinkelveien 6, Nittedal",60.054431,10.86196
71231,"Ringveien 37A, Nittedal",60.061913,10.852356
71232,"Mattias skytters vei 179, Nittedal",60.044791,10.881188
71233,"Mattias skytters vei 181, Nittedal",60.044702,10.881204
71234,"Mattias skytters vei 183, Nittedal",60.044584,10.881266
71235,"Ringveien 37C, Nittedal",60.061984,10.851749
71239,"Ringveien 70, Nittedal",60.060489,10.85339
71241,"Høgdaveien 52A, Nittedal",60.063921,10.857769
71242,"Høgdaveien 52B, Nittedal",60.063985,10.857665
71252,"Solveien 6B, Nittedal",60.060839,10.869302
71253,"Stasjonsveien 29C, Nittedal",60.051276,10.872307
71254,"Stasjonsveien 29D, Nittedal",60.051017,10.872831
71258,"Ringveien 37B, Nittedal",60.061848,10.851849
71259,"Solveien 6A, Nittedal",60.060854,10.869341
71260,"Stasjonsveien 5, Nittedal",60.055996,10.878934
71263,"Ringveien 68, Nittedal",60.060573,10.853754
71264,"Stasjonsveien 1, Nittedal",60.055236,10.879339
71265,"Stasjonsveien 3, Nittedal",60.055311,10.879146
71279,"Svartkruttveien 108, Nittedal",60.045726,10.869712
71286,"Skolebakken 2, Nittedal",60.054934,10.873448
71292,"Liaveien 11, Nittedal",60.059318,10.859989
71296,"Skogveien 61, Nittedal",60.064424,10.866248
71301,"Hulderveien 2B, Nittedal",60.056743,10.860419
71302,"Bråtaveien 19, Nittedal",60.053401,10.870667
71309,"Mattias skytters vei 165, Nittedal",60.04586,10.881159
71320,"Nyveien 10B, Nittedal",60.055354,10.866592
71321,"Bjerkeveien 5A, Nittedal",60.062762,10.860974
71323,"Bjerkeveien 5B, Nittedal",60.062525,10.861106
71328,"Mostubben 9, Nittedal",60.0477,10.87936
71330,"Mostubben 11, Nittedal",60.047746,10.879309
71332,"Mostubben 13, Nittedal",60.047791,10.879275
71334,"Mostubben 15, Nittedal",60.047828,10.87926
71336,"Mostubben 1, Nittedal",60.047708,10.879432
71338,"Mostubben 3, Nittedal",60.047763,10.8794
71340,"Mostubben 5, Nittedal",60.047808,10.879348
71341,"Tyrihansveien 21, Nittedal",60.054832,10.853917
71342,"Mostubben 7, Nittedal",60.047844,10.879332
71343,"Ringveien 47, Nittedal",60.060406,10.852254
71345,"Stasjonsveien 42B, Nittedal",60.053337,10.869514
71347,"Stasjonsveien 42A, Nittedal",60.053307,10.869728
71349,"Kruttverkveien 26A, Nittedal",60.054836,10.861264
71351,"Kruttverkveien 26B, Nittedal",60.05481,10.861191
71352,"Bråtaveien 21, Nittedal",60.053331,10.870538
71357,"Berget 12, Nittedal",60.051977,10.881575
71360,"Skogveien 25, Nittedal",60.063153,10.86635
71362,"Peiskrokveien 25A, Nittedal",60.064801,10.864808
71364,"Rauerskauveien 386, Nittedal",60.038106,10.909588
71365,"Skogveien 81A, Nittedal",60.065166,10.867037
71366,"Skogveien 81B, Nittedal",60.065174,10.866919
71371,"Utsiktsveien 31B, Nittedal",60.062246,10.869443
71377,"Kruttverkveien 4A, Nittedal",60.057352,10.862135
71379,"Nyveien 11E, Nittedal",60.054937,10.864341
71381,"Nyveien 10A, Nittedal",60.055426,10.866661
71382,"Høgdaveien 31, Nittedal",60.063615,10.859117
71384,"Vestliveien 15A, Nittedal",60.06173,10.854556
71386,"Vestliveien 15B, Nittedal",60.061556,10.854761
71388,"Høgdaveien 37, Nittedal",60.063725,10.859726
71390,"Kruttverkveien 4B, Nittedal",60.057394,10.862055
71400,"Peiskrokveien 25B, Nittedal",60.06488,10.86492
71402,"Bjertnesveien 5A, Nittedal",60.052467,10.875715
71403,"Bjertnesveien 5B, Nittedal",60.052368,10.875746
71405,"Tumyrveien 46B, Nittedal",60.063024,10.85576
71412,"Kruttverkveien 20A, Nittedal",60.055681,10.861222
71413,"Kruttverkveien 20B, Nittedal",60.055687,10.861456
71422,"Stasjonsveien 23A, Nittedal",60.051376,10.873498
71423,"Stasjonsveien 23B, Nittedal",60.051423,10.872729
71425,"Høgdaveien 36C, Nittedal",60.062673,10.858547
71426,"Høgdaveien 36B, Nittedal",60.062807,10.859036
71427,"Høgdaveien 36D, Nittedal",60.062654,10.858452
71428,"Stasjonsveien 23C, Nittedal",60.051485,10.872786
71431,"Rauerskauveien 614, Nittedal",60.052174,10.888757
71432,"Rauerskauveien 616, Nittedal",60.052423,10.888915
71433,"Peer Gynts vei 16A, Nittedal",60.056205,10.855287
71434,"Peer Gynts vei 16B, Nittedal",60.056383,10.855369
71443,"Peiskrokveien 19B, Nittedal",60.064193,10.864594
71444,"Peiskrokveien 19C, Nittedal",60.06408,10.864947
71451,"Askeladdveien 6B, Nittedal",60.055908,10.859133
71456,"Sørliveien 33A, Nittedal",60.060505,10.85481
71457,"Sørliveien 33B, Nittedal",60.060512,10.854936
71458,"Askeladdveien 6A, Nittedal",60.056123,10.859181
71464,"Peiskrokveien 19A, Nittedal",60.064114,10.8645
71465,"Nyveien 55, Nittedal",60.050143,10.863532
71466,"Liaveien 4C, Nittedal",60.058821,10.86209
71471,"Nyveien 51, Nittedal",60.050088,10.864212
71472,"Nyveien 53, Nittedal",60.050135,10.864071
71476,"Stasjonsveien 79, Nittedal",60.058614,10.860902
71477,"Mostubben 54, Nittedal",60.047948,10.87835
71478,"Mostubben 56, Nittedal",60.047937,10.878494
71479,"Mostubben 58, Nittedal",60.047921,10.878367
71483,"Skogveien 30A, Nittedal",60.063554,10.865473
71484,"Skogveien 30B, Nittedal",60.063595,10.865545
71485,"Peer Gynts vei 10, Nittedal",60.054938,10.855585
71486,"Utsiktsveien 45C, Nittedal",60.06443,10.869459
71491,"Eventyrveien 16A, Nittedal",60.055092,10.855243
71492,"Eventyrveien 16B, Nittedal",60.055339,10.854862
71493,"Mostubben 14, Nittedal",60.047643,10.878962
71495,"Mostubben 16, Nittedal",60.047635,10.878889
71497,"Mostubben 18, Nittedal",60.047619,10.878781
71499,"Mostubben 20, Nittedal",60.047602,10.878672
71501,"Mostubben 6, Nittedal",60.04768,10.878928
71502,"Blindveien 9, Nittedal",60.056634,10.86688
71503,"Mostubben 8, Nittedal",60.047672,10.878856
71505,"Mostubben 10, Nittedal",60.047646,10.878764
71507,"Mostubben 12, Nittedal",60.047629,10.878674
71509,"Mostubben 25, Nittedal",60.047933,10.879409
71511,"Mostubben 27, Nittedal",60.047946,10.879158
71512,"Peiskrokveien 3A, Nittedal",60.061839,10.864012
71513,"Mostubben 2, Nittedal",60.047697,10.878929
71514,"Blindveien 7, Nittedal",60.056754,10.866636
71515,"Mostubben 4, Nittedal",60.04769,10.878839
71516,"Blindveien 5, Nittedal",60.056677,10.866362
71517,"Mostubben 17, Nittedal",60.047666,10.87925
71518,"Bjerkeveien 1A, Nittedal",60.062677,10.861939
71519,"Mostubben 19, Nittedal",60.047729,10.879218
71520,"Bjerkeveien 1B, Nittedal",60.062758,10.86189
71521,"Mostubben 21, Nittedal",60.047783,10.879203
71522,"Skolemesterveien 1B, Nittedal",60.053731,10.870866
71523,"Mostubben 23, Nittedal",60.04782,10.879169
71525,"Mostubben 46, Nittedal",60.047984,10.878335
71526,"Mostubben 48, Nittedal",60.048007,10.878641
71527,"Mostubben 50, Nittedal",60.047981,10.878568
71528,"Mostubben 52, Nittedal",60.047964,10.878477
71529,"Mostubben 38, Nittedal",60.048035,10.878535
71530,"Mostubben 40, Nittedal",60.048034,10.878625
71531,"Mostubben 42, Nittedal",60.048017,10.878534
71532,"Mostubben 44, Nittedal",60.048001,10.878443
71533,"Mostubben 30, Nittedal",60.047575,10.878688
71534,"Mostubben 32, Nittedal",60.047559,10.87858
71535,"Mostubben 34, Nittedal",60.047533,10.878471
71536,"Mostubben 36, Nittedal",60.048061,10.878608
71537,"Mostubben 22, Nittedal",60.047577,10.878563
71538,"Mostubben 24, Nittedal",60.047561,10.878454
71539,"Mostubben 26, Nittedal",60.047608,10.878888
71540,"Mostubben 28, Nittedal",60.047591,10.878815
71558,"Utsiktsveien 5B, Nittedal",60.059013,10.867412
71559,"Utsiktsveien 5C, Nittedal",60.058983,10.867512
71560,"Utsiktsveien 7A, Nittedal",60.058971,10.867618
71561,"Utsiktsveien 7B, Nittedal",60.058935,10.867767
71565,"Utsiktsveien 5A, Nittedal",60.05905,10.867272
71607,"Skolemesterveien 3B, Nittedal",60.053976,10.871328
71611,"Sørliveien 53A, Nittedal",60.05933,10.851439
71612,"Sørliveien 53B, Nittedal",60.059365,10.851495
71613,"Skogveien 2, Nittedal",60.060569,10.863635
71614,"Skolemesterveien 3A, Nittedal",60.053986,10.871203
71619,"Svingen 11A, Nittedal",60.063579,10.86102
71620,"Svingen 11B, Nittedal",60.063642,10.860988
71642,"Utsiktsveien 34A, Nittedal",60.063348,10.867554
71645,"Lyngveien 31, Nittedal",60.06389,10.863158
71648,"Lyngveien 29, Nittedal",60.063576,10.86314
71651,"Tumyrveien 27A, Nittedal",60.060705,10.858743
71652,"Tumyrveien 27B, Nittedal",60.06075,10.858868
71653,"Skogveien 32A, Nittedal",60.063803,10.865506
71654,"Skogveien 32B, Nittedal",60.063795,10.865434
71657,"Utsiktsveien 34B, Nittedal",60.063345,10.867915
71683,"Stasjonsveien 7, Nittedal",60.054648,10.876504
71686,"Skogveien 21A, Nittedal",60.062257,10.866192
71687,"Skogveien 21B, Nittedal",60.062178,10.866115
71688,"Velveien 8A, Nittedal",60.053369,10.867217
71689,"Velveien 8B, Nittedal",60.05334,10.867377
71712,"Sagerudstubben 10, Nittedal",60.052763,10.869967
71714,"Sagerudstubben 12, Nittedal",60.052758,10.869814
71716,"Sagerudstubben 14, Nittedal",60.052737,10.869591
71718,"Sagerudstubben 16, Nittedal",60.052727,10.869449
71719,"Sagerudstubben 2, Nittedal",60.052972,10.869747
71720,"Sagerudstubben 4, Nittedal",60.05296,10.869895
71721,"Sagerudstubben 6, Nittedal",60.052893,10.870015
71722,"Sagerudstubben 8, Nittedal",60.052832,10.870037
71724,"Veslefrikks vei 10, Nittedal",60.056164,10.853094
71725,"Sagerudstubben 18, Nittedal",60.052448,10.869446
71726,"Sagerudstubben 20, Nittedal",60.052256,10.869368
71748,"Tumyrveien 42A, Nittedal",60.062526,10.85672
71763,"Fossegrimsveien 2, Nittedal",60.056354,10.852835
71764,"Fossegrimsveien 4, Nittedal",60.056315,10.852847
71768,"Kruttverkveien 30, Nittedal",60.054429,10.860846
71772,"Veslefrikks vei 12, Nittedal",60.056423,10.85318
71811,"Utsiktsveien 64A, Nittedal",60.065596,10.867009
71812,"Utsiktsveien 64B, Nittedal",60.065474,10.867408
71841,"Utsiktsveien 58D, Nittedal",60.065261,10.867853
71957,"Utsiktsveien 58C, Nittedal",60.065258,10.868014
71976,"Veslefrikks vei 19, Nittedal",60.056938,10.853586
71977,"Sørliveien 49A, Nittedal",60.059288,10.851885
71978,"Sørliveien 49B, Nittedal",60.059266,10.853241
71979,"Veslefrikks vei 4A, Nittedal",60.055388,10.853338
71980,"Veslefrikks vei 4B, Nittedal",60.055469,10.853342
71981,"Stasjonsveien 24A, Nittedal",60.050185,10.873287
71982,"Stasjonsveien 24C, Nittedal",60.050223,10.873092
71983,"Stasjonsveien 24B, Nittedal",60.05024,10.8732
71984,"Stasjonsveien 22, Nittedal",60.050207,10.873576
72019,"Tyrihansveien 20, Nittedal",60.054873,10.854442
72020,"Tyrihansveien 22, Nittedal",60.054672,10.854411
72021,"Tyrihansveien 25, Nittedal",60.054432,10.853866
72022,"Tyrihansveien 27, Nittedal",60.054324,10.853865
72025,"Bjertnesveien 11B, Nittedal",60.051829,10.87514
72026,"Bjertnesveien 11A, Nittedal",60.051801,10.875211
72031,"Skolebakken 3C, Nittedal",60.053558,10.872885
72032,"Høgdaveien 45A, Nittedal",60.064256,10.861399
72034,"Høgdaveien 45B, Nittedal",60.064263,10.861526
72035,"Hulderveien 1C, Nittedal",60.057117,10.860045
72036,"Askveien 85, Nittedal",60.064719,10.911395
72037,"Askveien 83, Nittedal",60.064605,10.910395
72048,"Tyrihansveien 29, Nittedal",60.054214,10.853873
72049,"Tyrihansveien 31, Nittedal",60.054111,10.853875
72052,"Veslefrikks vei 2, Nittedal",60.05518,10.853416
72055,"Tyrihansveien 5A, Nittedal",60.056986,10.853984
72056,"Veslefrikks vei 16, Nittedal",60.056838,10.853006
72057,"Veslefrikks vei 8, Nittedal",60.055954,10.853197
72058,"Veslefrikks vei 6, Nittedal",60.055659,10.85334
72061,"Tyrihansveien 11A, Nittedal",60.05617,10.853902
72062,"Tyrihansveien 11B, Nittedal",60.056252,10.853835
72072,"Skolemesterveien 1A, Nittedal",60.053536,10.870639
72074,"Rødhettes vei 5, Nittedal",60.054177,10.857024
72075,"Rødhettes vei 1, Nittedal",60.05445,10.857434
72076,"Rødhettes vei 3, Nittedal",60.054393,10.857018
72080,"Tyrihansveien 1, Nittedal",60.057618,10.853896
72081,"Rødhettes vei 7, Nittedal",60.054237,10.856632
72085,"Tyrihansveien 9, Nittedal",60.056385,10.853986
72092,"Veslefrikks vei 17, Nittedal",60.056849,10.853509
72093,"Tyrihansveien 13, Nittedal",60.055985,10.854063
72098,"Veslefrikks vei 13, Nittedal",60.05659,10.853674
72099,"Veslefrikks vei 15, Nittedal",60.056683,10.853651
72100,"Veslefrikks vei 14, Nittedal",60.056601,10.853053
72103,"Hadelandsveien 654, Nittedal",60.038902,10.884803
72104,"Svartkruttveien 39, Nittedal",60.044002,10.876708
72105,"Tyrihansveien 7, Nittedal",60.056645,10.853852
72107,"Nyveien 24A, Nittedal",60.053894,10.865648
72109,"Nyveien 24B, Nittedal",60.053831,10.865644
72112,"Mattias skytters vei 2, Nittedal",60.047412,10.880604
72113,"Mattias skytters vei 4, Nittedal",60.046822,10.881142
118850,"Utsiktsveien 64C, Nittedal",60.065466,10.867476
210925,"Berget 28, Nittedal",60.049947,10.880723
211091,"Stasjonsveien 43A, Nittedal",60.053878,10.870441
211131,"Stasjonsveien 45B, Nittedal",60.053809,10.870241
211132,"Stasjonsveien 45C, Nittedal",60.053867,10.87023
211133,"Stasjonsveien 45D, Nittedal",60.05393,10.870198
455251,"Stasjonsveien 32, Nittedal",60.05072,10.871458
590090,"Øvre Bjertnes 21B, Nittedal",60.048871,10.874727
854008,"Hulderveien 6A, Nittedal",60.056414,10.858292
854729,"Berget 8B, Nittedal",60.052574,10.881464
1042623,"Tumyrveien 28A, Nittedal",60.060882,10.857386
1106564,"Alf Prøysens vei 3C, Nittedal",60.054511,10.867883
1210116,"Øvre Huseby 30, Nittedal",60.051588,10.868763
1442548,"Stasjonsveien 64, Nittedal",60.056948,10.867748
1637793,"Nedre Nygård 15B, Nittedal",60.047645,10.872743
1637794,"Nedre Nygård 15C, Nittedal",60.047631,10.87292
1643770,"Skogveien 63, Nittedal",60.064404,10.86661
1644985,"Stjerneveien 32B, Nittedal",60.059504,10.865826
1651684,"Rauerskauveien 582, Nittedal",60.050152,10.893203
1674380,"Solliveien 17, Nittedal",60.055424,10.874937
1677733,"Bjertnesveien 15B, Nittedal",60.051307,10.875166
1679282,"Tyrihansveien 5B, Nittedal",60.056858,10.85398
1693676,"Tyrihansveien 17, Nittedal",60.055486,10.854115
1697825,"Utsiktsveien 14D, Nittedal",60.060779,10.868327
1697826,"Utsiktsveien 14C, Nittedal",60.060829,10.868307
1697831,"Utsiktsveien 14B, Nittedal",60.060773,10.868203
1709031,"Alf Prøysens vei 4B, Nittedal",60.05406,10.868474
1722293,"Alf Prøysens vei 7B, Nittedal",60.053954,10.867124
1748209,"Skolebakken 4, Nittedal",60.054835,10.873026
1755774,"Tumyrveien 34C, Nittedal",60.061673,10.857346
1763921,"Trekullveien 13, Nittedal",60.051419,10.860168
1764822,"Solveien 9, Nittedal",60.062322,10.867644
1771376,"Svartkruttveien 171, Nittedal",60.04981,10.861191
1771381,"Svartkruttveien 173, Nittedal",60.049975,10.861508
1771383,"Svartkruttveien 175, Nittedal",60.050205,10.860984
1771386,"Svartkruttveien 177, Nittedal",60.050063,10.860631
1773327,"Tumyrveien 24C, Nittedal",60.060407,10.857566
1774931,"Stasjonsveien 6, Nittedal",60.053451,10.879565
1775118,"Echostubben 14, Nittedal",60.051593,10.856787
1775119,"Echostubben 12, Nittedal",60.051675,10.856865
1775121,"Echostubben 10, Nittedal",60.051758,10.856933
1775123,"Echostubben 8, Nittedal",60.051838,10.857011
1775124,"Echostubben 6, Nittedal",60.051928,10.857036
1775125,"Echostubben 4, Nittedal",60.05201,10.857118
1775126,"Echostubben 2, Nittedal",60.052087,10.85723
1775167,"Utsiktsveien 13D, Nittedal",60.059449,10.868326
1775168,"Utsiktsveien 13B, Nittedal",60.059313,10.868609
1775170,"Utsiktsveien 13C, Nittedal",60.05938,10.868271
1775171,"Utsiktsveien 11C, Nittedal",60.059191,10.868293
1775172,"Utsiktsveien 11B, Nittedal",60.059486,10.867929
1775173,"Utsiktsveien 13A, Nittedal",60.059291,10.868565
1775175,"Utsiktsveien 11D, Nittedal",60.059211,10.868339
1775176,"Utsiktsveien 11A, Nittedal",60.059463,10.867875
1777596,"Korningsveien 1, Nittedal",60.052298,10.858294
1778028,"Trekullveien 29, Nittedal",60.052168,10.860291
1778030,"Trekullveien 27, Nittedal",60.052309,10.859951
1778032,"Trekullveien 25, Nittedal",60.052109,10.859702
1778033,"Trekullveien 24, Nittedal",60.051694,10.862258
1778035,"Trekullveien 23, Nittedal",60.05194,10.859935
1778036,"Trekullveien 20, Nittedal",60.052029,10.861801
1778037,"Trekullveien 17, Nittedal",60.051697,10.860944
1778038,"Trekullveien 12, Nittedal",60.05262,10.860146
1778039,"Trekullveien 10, Nittedal",60.052696,10.859872
1778040,"Trekullveien 2, Nittedal",60.051996,10.858904
1778212,"Korningsveien 9, Nittedal",60.053009,10.858451
1778244,"Trekullveien 4, Nittedal",60.052231,10.858971
1778245,"Trekullveien 21, Nittedal",60.051853,10.860112
1778246,"Trekullveien 15, Nittedal",60.051426,10.860833
1778248,"Trekullveien 39, Nittedal",60.051394,10.862441
1778249,"Trekullveien 37, Nittedal",60.051426,10.862319
1778251,"Echostubben 1, Nittedal",60.052221,10.856955
1778253,"Echostubben 3, Nittedal",60.052136,10.856884
1778254,"Echostubben 5, Nittedal",60.05198,10.856554
1778255,"Echostubben 7, Nittedal",60.052002,10.85637
1778257,"Echostubben 9, Nittedal",60.052009,10.856173
1778258,"Echostubben 11, Nittedal",60.052065,10.856016
1778259,"Echostubben 13, Nittedal",60.052115,10.855877
1778260,"Echostubben 15, Nittedal",60.052159,10.855734
1778262,"Echostubben 17, Nittedal",60.051938,10.85575
1778263,"Echostubben 19, Nittedal",60.051883,10.855914
1778299,"Echostubben 21, Nittedal",60.05185,10.856079
1778300,"Echostubben 23, Nittedal",60.051815,10.856237
1778301,"Echostubben 25, Nittedal",60.051774,10.856409
1778304,"Echostubben 27, Nittedal",60.051752,10.856571
1778724,"Trekullveien 8, Nittedal",60.052583,10.859413
1780457,"Gudrun Moestuens vei 2, Nittedal",60.049754,10.861793
1780461,"Gudrun Moestuens vei 18, Nittedal",60.048865,10.866192
1780467,"Gudrun Moestuens vei 10, Nittedal",60.049136,10.864162
1780470,"Gudrun Moestuens vei 14, Nittedal",60.049234,10.864898
1782023,"Trekullveien 14, Nittedal",60.052459,10.860685
1782334,"Trollveien 25, Nittedal",60.055484,10.856239
1784900,"Korningsveien 19, Nittedal",60.052996,10.855747
1785247,"Svartkruttveien 154, Nittedal",60.048821,10.862066
1786261,"Trekullveien 16, Nittedal",60.05228,10.860923
1786457,"Korningsveien 12, Nittedal",60.052354,10.856393
1786463,"Gudrun Moestuens vei 6, Nittedal",60.049366,10.863625
1788134,"Trekullveien 22, Nittedal",60.051884,10.86201
1788981,"Melerhusveien 12, Nittedal",60.053313,10.855687
1788982,"Melerhusveien 10, Nittedal",60.053372,10.856233
1789078,"Korningsveien 11, Nittedal",60.05283,10.858152
1789079,"Korningsveien 7, Nittedal",60.052935,10.858879
1789080,"Korningsveien 13, Nittedal",60.052613,10.857899
1789081,"Trekullveien 11, Nittedal",60.051796,10.859509
1789082,"Trekullveien 6, Nittedal",60.052423,10.859224
1789083,"Trekullveien 19, Nittedal",60.051686,10.860442
1789085,"Trekullveien 31, Nittedal",60.052041,10.860562
1789087,"Trekullveien 18, Nittedal",60.052198,10.86139
1789089,"Trekullveien 35, Nittedal",60.051503,10.861777
1789091,"Trekullveien 33, Nittedal",60.051979,10.860958
1789113,"Korningsveien 5, Nittedal",60.052694,10.858758
1789116,"Trekullveien 3, Nittedal",60.051501,10.858957
1789118,"Trekullveien 1, Nittedal",60.051722,10.85891
1789126,"Trekullveien 7, Nittedal",60.051339,10.859544
1789127,"Trekullveien 5, Nittedal",60.051252,10.859114
1789128,"Trekullveien 9, Nittedal",60.051561,10.859663
1789137,"Melerhusveien 4, Nittedal",60.052895,10.85667
1789139,"Melerhusveien 8, Nittedal",60.053272,10.856594
1789140,"Melerhusveien 6, Nittedal",60.053195,10.856922
1789141,"Melerhusveien 17, Nittedal",60.053768,10.855964
1789142,"Melerhusveien 15, Nittedal",60.053677,10.856329
1789143,"Melerhusveien 2, Nittedal",60.052759,10.856529
1789145,"Korningsveien 15, Nittedal",60.052409,10.857686
1789146,"Melerhusveien 3, Nittedal",60.052719,10.857235
1789147,"Melerhusveien 1, Nittedal",60.052579,10.857011
1789148,"Melerhusveien 9, Nittedal",60.053498,10.857485
1789150,"Melerhusveien 7, Nittedal",60.053186,10.857602
1789151,"Melerhusveien 13, Nittedal",60.053569,10.856783
1789152,"Melerhusveien 11, Nittedal",60.053583,10.857165
1789193,"Melerhusveien 5, Nittedal",60.052965,10.857448
1789198,"Korningsveien 3, Nittedal",60.052487,10.858531
1789446,"Melerhusveien 16, Nittedal",60.053796,10.855222
1789447,"Melerhusveien 14, Nittedal",60.053583,10.855435
1789448,"Korningsveien 17, Nittedal",60.052869,10.856043
1789449,"Melerhusveien 18, Nittedal",60.053941,10.85523
1789450,"Korningsveien 21, Nittedal",60.053116,10.855416
1789541,"Korningsveien 23, Nittedal",60.053316,10.855212
1789542,"Korningsveien 29, Nittedal",60.053959,10.854394
1789543,"Korningsveien 14, Nittedal",60.052499,10.856008
1789544,"Korningsveien 25, Nittedal",60.053537,10.855035
1789545,"Korningsveien 27, Nittedal",60.05378,10.854785
1789551,"Korningsveien 16, Nittedal",60.052578,10.855542
1789552,"Korningsveien 18, Nittedal",60.052696,10.855297
1789667,"Gudrun Moestuens vei 12, Nittedal",60.049334,10.864399
1789670,"Gudrun Moestuens vei 8, Nittedal",60.049225,10.863554
1789671,"Gudrun Moestuens vei 4, Nittedal",60.04954,10.863008
1789677,"Svartkruttveien 56, Nittedal",60.038659,10.873478
1789679,"Svartkruttveien 54, Nittedal",60.040193,10.873601
1789681,"Gudrun Moestuens vei 16, Nittedal",60.049021,10.865635
1790720,"Skogveien 22B, Nittedal",60.062783,10.865463
1794291,"Lundveien 13B, Nittedal",60.050309,10.866764
1811230,"Bjertnestangen 12, Nittedal",60.051552,10.883351
1814236,"Stasjonsveien 8, Nittedal",60.052685,10.878009
1816497,"Svartkruttveien 183, Nittedal",60.050853,10.859923
1823608,"Vinkelveien 11, Nittedal",60.05321,10.86174
1828455,"Peiskrokveien 3D, Nittedal",60.062345,10.86438
1831018,"Myrveien 23C, Nittedal",60.054713,10.862872
1831020,"Myrveien 23B, Nittedal",60.054733,10.863191
1835955,"Georg Frølichs vei 83, Nittedal",60.051324,10.855522
1835957,"Georg Frølichs vei 81, Nittedal",60.051389,10.855547
1835960,"Georg Frølichs vei 79, Nittedal",60.051456,10.855545
1835962,"Georg Frølichs vei 77, Nittedal",60.051503,10.855555
1835965,"Georg Frølichs vei 89, Nittedal",60.051389,10.85549
1835967,"Georg Frølichs vei 87, Nittedal",60.051565,10.855539
1835969,"Georg Frølichs vei 85, Nittedal",60.051282,10.855507
1835977,"Georg Frølichs vei 75, Nittedal",60.051561,10.855587
1835986,"Georg Frølichs vei 73, Nittedal",60.051281,10.855562
1835990,"Georg Frølichs vei 71, Nittedal",60.051324,10.855579
1836082,"Georg Frølichs vei 115, Nittedal",60.051088,10.855509
1836084,"Georg Frølichs vei 113, Nittedal",60.050821,10.855713
1836086,"Georg Frølichs vei 111, Nittedal",60.050859,10.855693
1836091,"Georg Frølichs vei 123, Nittedal",60.050853,10.855618
1836092,"Georg Frølichs vei 121, Nittedal",60.050909,10.855587
1836094,"Georg Frølichs vei 119, Nittedal",60.050973,10.855558
1836097,"Georg Frølichs vei 117, Nittedal",60.051024,10.855532
1836117,"Georg Frølichs vei 129, Nittedal",60.050902,10.855523
1836118,"Georg Frølichs vei 127, Nittedal",60.051082,10.855433
1836119,"Georg Frølichs vei 125, Nittedal",60.050816,10.855637
1836205,"Georg Frølichs vei 103, Nittedal",60.051095,10.855572
1836206,"Georg Frølichs vei 101, Nittedal",60.050829,10.855796
1836208,"Georg Frølichs vei 99, Nittedal",60.05087,10.855771
1836209,"Georg Frølichs vei 97, Nittedal",60.050929,10.855738
1836211,"Georg Frølichs vei 109, Nittedal",60.050919,10.855664
1836213,"Georg Frølichs vei 107, Nittedal",60.050979,10.855628
1836215,"Georg Frølichs vei 105, Nittedal",60.051029,10.855613
1836220,"Georg Frølichs vei 69, Nittedal",60.051387,10.855597
1836222,"Georg Frølichs vei 67, Nittedal",60.051455,10.855596
1836223,"Georg Frølichs vei 65, Nittedal",60.051502,10.855605
1836224,"Georg Frølichs vei 55, Nittedal",60.051451,10.855647
1836225,"Georg Frølichs vei 53, Nittedal",60.051499,10.855654
1836226,"Georg Frølichs vei 51, Nittedal",60.051558,10.85568
1836227,"Georg Frølichs vei 63, Nittedal",60.051561,10.855643
1836228,"Georg Frølichs vei 61, Nittedal",60.051279,10.855614
1836231,"Georg Frølichs vei 59, Nittedal",60.051323,10.855621
1836232,"Georg Frølichs vei 57, Nittedal",60.051387,10.855637
1836245,"Georg Frølichs vei 95, Nittedal",60.050988,10.855709
1836246,"Georg Frølichs vei 93, Nittedal",60.051037,10.855678
1836247,"Georg Frølichs vei 91, Nittedal",60.051103,10.855651
1844374,"Gudrun Moestuens vei 43F, Nittedal",60.048533,10.865555
1844377,"Gudrun Moestuens vei 43E, Nittedal",60.048553,10.865443
1844389,"Gudrun Moestuens vei 43G, Nittedal",60.048504,10.865692
1844390,"Gudrun Moestuens vei 43H, Nittedal",60.048473,10.865825
1844398,"Gudrun Moestuens vei 41, Nittedal",60.048623,10.865593
1844399,"Gudrun Moestuens vei 43A, Nittedal",60.048583,10.865467
1844400,"Gudrun Moestuens vei 43B, Nittedal",60.048557,10.865566
1844401,"Gudrun Moestuens vei 43C, Nittedal",60.048529,10.865715
1844402,"Gudrun Moestuens vei 43D, Nittedal",60.048499,10.865837
1856480,"Trollveien 2B, Nittedal",60.059424,10.856896
1859245,"Stjerneveien 17C, Nittedal",60.060164,10.865039
1860330,"Peiskrokveien 9B, Nittedal",60.063138,10.864669
1865917,"Stjerneveien 17B, Nittedal",60.060004,10.864951
1867054,"Rauerskauveien 516, Nittedal",60.046512,10.900383
1884943,"Georg Frølichs vei 22, Nittedal",60.051001,10.858115
1884944,"Georg Frølichs vei 20, Nittedal",60.051015,10.858206
1892729,"Georg Frølichs vei 4, Nittedal",60.051372,10.858096
1892732,"Georg Frølichs vei 2, Nittedal",60.051422,10.858069
1892734,"Georg Frølichs vei 12, Nittedal",60.051159,10.858271
1892735,"Georg Frølichs vei 10, Nittedal",60.051208,10.858245
1892736,"Georg Frølichs vei 8, Nittedal",60.051279,10.858151
1892738,"Georg Frølichs vei 6, Nittedal",60.051326,10.858124
1892742,"Georg Frølichs vei 18, Nittedal",60.051029,10.858298
1892745,"Georg Frølichs vei 16, Nittedal",60.051042,10.85839
1892748,"Georg Frølichs vei 14, Nittedal",60.051114,10.858298
1893647,"Georg Frølichs vei 24, Nittedal",60.050835,10.857919
1893667,"Georg Frølichs vei 40, Nittedal",60.051159,10.857377
1893669,"Georg Frølichs vei 42, Nittedal",60.051131,10.857302
1893716,"Georg Frølichs vei 28, Nittedal",60.050917,10.8578
1893719,"Georg Frølichs vei 30, Nittedal",60.050958,10.857678
1893724,"Georg Frølichs vei 26, Nittedal",60.050878,10.857859
1893727,"Georg Frølichs vei 36, Nittedal",60.051216,10.857533
1893729,"Georg Frølichs vei 38, Nittedal",60.051187,10.857452
1893731,"Georg Frølichs vei 32, Nittedal",60.051014,10.857593
1893734,"Georg Frølichs vei 34, Nittedal",60.051245,10.857608
1915903,"Georg Frølichs vei 82, Nittedal",60.050657,10.856582
1915906,"Georg Frølichs vei 86, Nittedal",60.050202,10.856614
1915908,"Georg Frølichs vei 84, Nittedal",60.050714,10.856659
1915911,"Georg Frølichs vei 98, Nittedal",60.050274,10.856253
1915915,"Georg Frølichs vei 96, Nittedal",60.050138,10.856159
1915921,"Georg Frølichs vei 100, Nittedal",60.050337,10.856219
1915923,"Georg Frølichs vei 90, Nittedal",60.050168,10.856414
1915925,"Georg Frølichs vei 88, Nittedal",60.050186,10.856507
1915927,"Georg Frølichs vei 94, Nittedal",60.050147,10.856233
1915930,"Georg Frølichs vei 92, Nittedal",60.05016,10.856326
1915931,"Georg Frølichs vei 54, Nittedal",60.050882,10.85711
1915933,"Georg Frølichs vei 52, Nittedal",60.050968,10.857081
1915934,"Georg Frølichs vei 58, Nittedal",60.050817,10.857255
1915935,"Georg Frølichs vei 56, Nittedal",60.050848,10.857182
1915937,"Georg Frølichs vei 46, Nittedal",60.05087,10.856913
1915939,"Georg Frølichs vei 44, Nittedal",60.050827,10.856834
1915940,"Georg Frølichs vei 50, Nittedal",60.050935,10.857027
1915942,"Georg Frølichs vei 48, Nittedal",60.050903,10.856969
1915948,"Georg Frølichs vei 60, Nittedal",60.050784,10.857323
1916057,"Georg Frølichs vei 108, Nittedal",60.050538,10.85604
1916063,"Georg Frølichs vei 102, Nittedal",60.050402,10.856131
1916066,"Georg Frølichs vei 106, Nittedal",60.050489,10.856068
1916069,"Georg Frølichs vei 104, Nittedal",60.050445,10.856112
1916144,"Georg Frølichs vei 80, Nittedal",60.050597,10.856501
1916145,"Georg Frølichs vei 74, Nittedal",60.050467,10.856734
1916146,"Georg Frølichs vei 72, Nittedal",60.050439,10.856819
1916147,"Georg Frølichs vei 78, Nittedal",60.050518,10.856576
1916148,"Georg Frølichs vei 76, Nittedal",60.050492,10.856657
1916155,"Georg Frølichs vei 66, Nittedal",60.050631,10.857193
1916156,"Georg Frølichs vei 64, Nittedal",60.0506,10.857266
1916157,"Georg Frølichs vei 70, Nittedal",60.050419,10.857017
1916158,"Georg Frølichs vei 68, Nittedal",60.050381,10.857137
1916159,"Georg Frølichs vei 62, Nittedal",60.050566,10.857333
1923980,"Vågedamveien 6, Nittedal",60.047548,10.856233
1923988,"Vågedamveien 4, Nittedal",60.047755,10.856266
1923989,"Vågedamveien 8, Nittedal",60.047352,10.856234
1923991,"Vågedamveien 21, Nittedal",60.04653,10.856424
1923993,"Vågedamveien 19, Nittedal",60.046721,10.856077
1923994,"Vågedamveien 2, Nittedal",60.047948,10.856342
1923995,"Vågedamveien 23, Nittedal",60.046289,10.856951
1923997,"Vågedamveien 13, Nittedal",60.047398,10.855535
1924000,"Vågedamveien 17, Nittedal",60.046979,10.85582
1924001,"Vågedamveien 15, Nittedal",60.047194,10.855601
1924104,"Vågedamveien 11, Nittedal",60.047601,10.855582
1924105,"Vågedamveien 5, Nittedal",60.04833,10.855824
1924106,"Vågedamveien 3, Nittedal",60.048261,10.856174
1924107,"Vågedamveien 9, Nittedal",60.047803,10.855644
1924108,"Vågedamveien 7, Nittedal",60.047986,10.855676
1924109,"Vågedamveien 16, Nittedal",60.046451,10.857276
1924110,"Vågedamveien 1, Nittedal",60.048217,10.856587
1924112,"Vågedamveien 10, Nittedal",60.047141,10.856278
1924114,"Vågedamveien 14, Nittedal",60.046639,10.856769
1924116,"Vågedamveien 12, Nittedal",60.046873,10.85643
1928040,"Stasjonsveien 11J, Nittedal",60.053912,10.876302
1928046,"Stasjonsveien 11I, Nittedal",60.053977,10.876369
1928061,"Stasjonsveien 11A, Nittedal",60.054062,10.876241
1928064,"Stasjonsveien 11H, Nittedal",60.054033,10.876383
1928065,"Stasjonsveien 11G, Nittedal",60.053906,10.87619
1928066,"Stasjonsveien 11F, Nittedal",60.05397,10.876246
1928068,"Stasjonsveien 11E, Nittedal",60.053989,10.876285
1928070,"Stasjonsveien 11D, Nittedal",60.054045,10.876286
1928071,"Stasjonsveien 11C, Nittedal",60.053948,10.876175
1928072,"Stasjonsveien 11B, Nittedal",60.053999,10.87621
1928128,"Stasjonsveien 9D, Nittedal",60.054191,10.876208
1928135,"Stasjonsveien 9B, Nittedal",60.054176,10.876296
1928137,"Stasjonsveien 9C, Nittedal",60.054131,10.876146
1928140,"Stasjonsveien 9A, Nittedal",60.054117,10.87626
1928205,"Eventyrveien 1A, Nittedal",60.054986,10.860484
1928267,"Stasjonsveien 13C, Nittedal",60.053865,10.87612
1928268,"Stasjonsveien 13B, Nittedal",60.053852,10.876216
1928269,"Stasjonsveien 13A, Nittedal",60.053842,10.876296
1928270,"Stasjonsveien 13H, Nittedal",60.05388,10.875839
1928271,"Stasjonsveien 13G, Nittedal",60.053861,10.875965
1928272,"Stasjonsveien 13F, Nittedal",60.053849,10.876044
1928273,"Stasjonsveien 13E, Nittedal",60.05382,10.876196
1928275,"Stasjonsveien 13D, Nittedal",60.053813,10.876282
1928305,"Stasjonsveien 13I, Nittedal",60.053797,10.876184
1928306,"Stasjonsveien 13N, Nittedal",60.053825,10.875818
1928307,"Stasjonsveien 13M, Nittedal",60.053789,10.876022
1928308,"Stasjonsveien 13L, Nittedal",60.053853,10.875828
1928309,"Stasjonsveien 13K, Nittedal",60.053832,10.875935
1928311,"Stasjonsveien 13J, Nittedal",60.053814,10.876029
1933122,"Stasjonsveien 27C, Nittedal",60.05093,10.872226
1936022,"Lundveien 17B, Nittedal",60.05038,10.867369
1938949,"Myrveien 18B, Nittedal",60.05637,10.865522
1939328,"Fossegrimsveien 3, Nittedal",60.056509,10.852315
1941358,"Gudrun Moestuens vei 39, Nittedal",60.049299,10.862477
1941359,"Gudrun Moestuens vei 37, Nittedal",60.049258,10.862536
1941361,"Gudrun Moestuens vei 27, Nittedal",60.048926,10.863047
1941364,"Gudrun Moestuens vei 31, Nittedal",60.049096,10.862773
1941365,"Gudrun Moestuens vei 29, Nittedal",60.049056,10.862839
1941366,"Gudrun Moestuens vei 35, Nittedal",60.0492,10.862628
1941367,"Gudrun Moestuens vei 33, Nittedal",60.049155,10.862688
1941369,"Svartverksstubben 13, Nittedal",60.048992,10.861064
1941371,"Svartverksstubben 7, Nittedal",60.049236,10.861046
1941372,"Svartverksstubben 5, Nittedal",60.049313,10.861014
1941373,"Svartverksstubben 11, Nittedal",60.049073,10.861076
1941375,"Svartverksstubben 9, Nittedal",60.049153,10.861077
1941377,"Svartverksstubben 3, Nittedal",60.049394,10.860983
1941379,"Svartverksstubben 1, Nittedal",60.049472,10.860944
1941396,"Gudrun Moestuens vei 15, Nittedal",60.048741,10.863926
1941398,"Gudrun Moestuens vei 13, Nittedal",60.048742,10.864032
1941399,"Gudrun Moestuens vei 19, Nittedal",60.048756,10.86367
1941400,"Gudrun Moestuens vei 17, Nittedal",60.048757,10.863783
1941401,"Gudrun Moestuens vei 23, Nittedal",60.048845,10.863253
1941402,"Gudrun Moestuens vei 21, Nittedal",60.048817,10.863337
1941404,"Gudrun Moestuens vei 25, Nittedal",60.048897,10.863139
1941427,"Gudrun Moestuens vei 7, Nittedal",60.048777,10.864567
1941428,"Gudrun Moestuens vei 11, Nittedal",60.048751,10.864176
1941429,"Gudrun Moestuens vei 9, Nittedal",60.048749,10.864283
1941513,"Svartverksstubben 15, Nittedal",60.04891,10.861029
1941514,"Gudrun Moestuens vei 3, Nittedal",60.048787,10.864813
1941516,"Gudrun Moestuens vei 1, Nittedal",60.048786,10.864921
1941518,"Svartverksstubben 12, Nittedal",60.048997,10.861659
1941519,"Svartverksstubben 10, Nittedal",60.04908,10.861669
1941521,"Svartverksstubben 8, Nittedal",60.049158,10.861661
1941522,"Svartverksstubben 6, Nittedal",60.049238,10.861617
1941523,"Svartverksstubben 4, Nittedal",60.049319,10.861546
1941524,"Svartverksstubben 2, Nittedal",60.0494,10.861457
1941546,"Gudrun Moestuens vei 5, Nittedal",60.048775,10.864666
1942028,"Skogveien 13B, Nittedal",60.061718,10.865732
1945050,"Georg Frølichs vei 110, Nittedal",60.050827,10.856618
1945919,"Svingen 8B, Nittedal",60.0632,10.861419
1952527,"Korningsveien 8, Nittedal",60.052038,10.857861
1952528,"Georg Frølichs vei 1, Nittedal",60.051713,10.85765
1952529,"Georg Frølichs vei 3, Nittedal",60.051661,10.857586
1952530,"Georg Frølichs vei 5, Nittedal",60.051607,10.857524
1952531,"Georg Frølichs vei 7, Nittedal",60.05155,10.857462
1952532,"Georg Frølichs vei 9, Nittedal",60.051497,10.857394
1952533,"Georg Frølichs vei 11, Nittedal",60.051443,10.857334
1952534,"Korningsveien 2, Nittedal",60.051851,10.857782
1952536,"Korningsveien 4, Nittedal",60.051914,10.857811
1952537,"Korningsveien 6, Nittedal",60.051977,10.857836
1957111,"Tyrihansveien 19, Nittedal",60.055229,10.854072
1957658,"Alf Prøysens vei 5B, Nittedal",60.05427,10.867629
1963094,"Tumyrveien 2B, Nittedal",60.058843,10.865503
1964039,"Askeladdveien 14B, Nittedal",60.055514,10.859274
1964040,"Askeladdveien 14C, Nittedal",60.05539,10.858935
1971443,"Utsiktsveien 17A, Nittedal",60.059646,10.869023
1971444,"Utsiktsveien 17B, Nittedal",60.059681,10.869059
1972746,"Utsiktsveien 17C, Nittedal",60.059811,10.869232
1973031,"Utsiktsveien 17F, Nittedal",60.059875,10.868863
1973032,"Utsiktsveien 17E, Nittedal",60.059844,10.86884
1973045,"Utsiktsveien 17D, Nittedal",60.059848,10.869239
1975270,"Mattias skytters vei 57B, Nittedal",60.046819,10.879613
1976304,"Sørliveien 34, Nittedal",60.059357,10.857202
1977178,"Hadelandsveien 805, Nittedal",60.053516,10.882306
1977182,"Stasjonsveien 44E, Nittedal",60.053669,10.869939
1977390,"Fossegrimsveien 8, Nittedal",60.055403,10.852801
1977392,"Hadelandsveien 691, Nittedal",60.042415,10.883218
1977399,"Ulvestuveien 2, Nittedal",60.036176,10.886858
1977446,"Mattias skytters vei 8, Nittedal",60.045576,10.881563
1977447,"Fossegrimsveien 7, Nittedal",60.055296,10.8527
1977450,"Solveien 1B, Nittedal",60.060854,10.869961
1977623,"Kvernstuveien 10, Nittedal",60.048848,10.878407
1983438,"Gamleveien 62, Nittedal",60.058728,10.887899
1983439,"Askveien 83B, Nittedal",60.0647,10.909682
1988491,"Tumyrveien 24D, Nittedal",60.060423,10.858025
1989196,"Smieveien 3, Nittedal",60.04765,10.856923
1989198,"Smieveien 5, Nittedal",60.047413,10.856884
1989200,"Smieveien 7, Nittedal",60.047205,10.856982
1989201,"Smieveien 9, Nittedal",60.046969,10.857194
1989202,"Smieveien 1, Nittedal",60.047877,10.856977
1989276,"Kruttmølleveien 2, Nittedal",60.050488,10.858763
1989277,"Kruttmølleveien 6, Nittedal",60.050349,10.858966
1989279,"Kruttmølleveien 4, Nittedal",60.050419,10.858864
1989352,"Kruttmølleveien 38, Nittedal",60.048897,10.860418
1989353,"Kruttmølleveien 36, Nittedal",60.048979,10.860392
1989355,"Kruttmølleveien 30, Nittedal",60.049289,10.860325
1989356,"Kruttmølleveien 26, Nittedal",60.04955,10.860187
1989357,"Kruttmølleveien 34, Nittedal",60.049067,10.860372
1989358,"Kruttmølleveien 32, Nittedal",60.049201,10.86036
1989484,"Kruttmølleveien 22, Nittedal",60.049676,10.85997
1989486,"Kruttmølleveien 20, Nittedal",60.049767,10.859822
1989487,"Kruttmølleveien 28, Nittedal",60.049375,10.860301
1989488,"Kruttmølleveien 24, Nittedal",60.049611,10.860083
1989497,"Kruttmølleveien 14, Nittedal",60.05,10.859483
1989499,"Kruttmølleveien 12, Nittedal",60.050059,10.859368
1989500,"Kruttmølleveien 18, Nittedal",60.049835,10.859707
1989501,"Kruttmølleveien 16, Nittedal",60.049896,10.859601
1989503,"Kruttmølleveien 10, Nittedal",60.050127,10.859251
1989505,"Kruttmølleveien 8, Nittedal",60.050278,10.85907
1989755,"Alf Prøysens vei 2A, Nittedal",60.054247,10.86928
1992901,"Smieveien 13, Nittedal",60.047115,10.857559
1993109,"Smieveien 19, Nittedal",60.047685,10.857352
1993112,"Smieveien 15, Nittedal",60.047309,10.857311
1993114,"Smieveien 17, Nittedal",60.047576,10.857355
1993115,"Smieveien 21, Nittedal",60.047256,10.857901
1993282,"Smieveien 11, Nittedal",60.047026,10.857622
1995062,"Trollveien 21A, Nittedal",60.055749,10.856404
1995063,"Trollveien 21B, Nittedal",60.055687,10.856325
1995637,"Skogveien 14B, Nittedal",60.061776,10.864567
1995638,"Skogveien 14A, Nittedal",60.061712,10.864494
1995641,"Skogveien 14D, Nittedal",60.061931,10.86465
1996205,"Kruttmølleveien 31, Nittedal",60.04967,10.859585
1996207,"Kruttmølleveien 29, Nittedal",60.049686,10.859424
1996389,"Kruttmølleveien 27, Nittedal",60.049705,10.859262
1996398,"Kruttmølleveien 1, Nittedal",60.050188,10.858637
1996399,"Kruttmølleveien 21, Nittedal",60.049981,10.858954
1996400,"Kruttmølleveien 19, Nittedal",60.049999,10.85879
1996401,"Kruttmølleveien 25, Nittedal",60.049721,10.85911
1996403,"Kruttmølleveien 23, Nittedal",60.049963,10.859109
1996410,"Kruttmølleveien 5, Nittedal",60.050216,10.858304
1996411,"Kruttmølleveien 3, Nittedal",60.050202,10.858473
1996412,"Kruttmølleveien 17, Nittedal",60.050015,10.858627
1996415,"Kruttmølleveien 7, Nittedal",60.050231,10.858124
1996834,"Kruttmølleveien 13, Nittedal",60.05005,10.858195
1996839,"Kruttmølleveien 15, Nittedal",60.050028,10.85836
1996841,"Kruttmølleveien 9, Nittedal",60.050079,10.857866
1996842,"Kruttmølleveien 11, Nittedal",60.050066,10.858039
1998560,"Smieveien 25, Nittedal",60.047726,10.857793
1998561,"Smieveien 27, Nittedal",60.047936,10.857814
1998658,"Rauerskauveien 512, Nittedal",60.047082,10.899798
1998677,"Smieveien 23, Nittedal",60.04751,10.857829
1999317,"Borghild Ruds vei 3, Nittedal",60.044012,10.8804
2002871,"Smieveien 8, Nittedal",60.048984,10.857594
2002873,"Smieveien 6, Nittedal",60.048766,10.857397
2002874,"Smieveien 4, Nittedal",60.048552,10.857293
2002886,"Smieveien 2, Nittedal",60.048316,10.857266
2002950,"Myrveien 22B, Nittedal",60.056079,10.865142
2002951,"Myrveien 22C, Nittedal",60.056166,10.865304
2010247,"Kruttbuveien 2, Nittedal",60.049273,10.858805
2010249,"Kruttbuveien 4, Nittedal",60.049292,10.858633
2010251,"Kruttbuveien 7, Nittedal",60.049167,10.859815
2010253,"Kruttbuveien 9, Nittedal",60.049147,10.859979
2010254,"Kruttbuveien 3, Nittedal",60.049206,10.859453
2010255,"Kruttbuveien 5, Nittedal",60.049182,10.859653
2010256,"Kruttbuveien 1, Nittedal",60.049221,10.859281
2010484,"Kruttbuveien 29, Nittedal",60.04957,10.858085
2010495,"Kruttbuveien 15, Nittedal",60.049423,10.859445
2010496,"Kruttbuveien 17, Nittedal",60.049446,10.859283
2010497,"Kruttbuveien 19, Nittedal",60.049468,10.859015
2010498,"Kruttbuveien 21, Nittedal",60.049489,10.858838
2010500,"Kruttbuveien 23, Nittedal",60.049507,10.858665
2010501,"Kruttbuveien 25, Nittedal",60.049529,10.858445
2010502,"Kruttbuveien 27, Nittedal",60.049551,10.85828
2010569,"Kruttbuveien 11, Nittedal",60.049381,10.859793
2010570,"Kruttbuveien 13, Nittedal",60.049402,10.859627
2010579,"Kruttbuveien 6, Nittedal",60.049312,10.858471
2010581,"Kruttbuveien 8, Nittedal",60.049338,10.858217
2010584,"Kruttbuveien 10, Nittedal",60.049354,10.858044
2010586,"Kruttbuveien 12, Nittedal",60.049497,10.857756
2010590,"Kruttbuveien 14, Nittedal",60.049572,10.857787
2010592,"Kruttbuveien 16, Nittedal",60.049655,10.857813
2010594,"Kruttbuveien 18, Nittedal",60.049731,10.857855
2010597,"Kruttbuveien 20, Nittedal",60.049812,10.85789
2011395,"Stasjonsveien 43B, Nittedal",60.053785,10.870346
2011426,"Smieveien 28, Nittedal",60.048223,10.857839
2011572,"Smieveien 10, Nittedal",60.049012,10.858084
2011574,"Smieveien 14, Nittedal",60.048867,10.858047
2011576,"Smieveien 12, Nittedal",60.04894,10.858062
2011577,"Smieveien 18, Nittedal",60.048638,10.857979
2011578,"Smieveien 16, Nittedal",60.048709,10.857999
2011579,"Smieveien 22, Nittedal",60.048439,10.857863
2011580,"Smieveien 20, Nittedal",60.048567,10.857962
2011581,"Smieveien 26, Nittedal",60.048295,10.857837
2011582,"Smieveien 24, Nittedal",60.048364,10.857861
2011824,"Hulderveien 11B, Nittedal",60.056863,10.857687
2011825,"Hulderveien 11A, Nittedal",60.056713,10.857702
2011826,"Hulderveien 13B, Nittedal",60.05674,10.857367
2011827,"Hulderveien 13A, Nittedal",60.056884,10.857334
2011828,"Hulderveien 13C, Nittedal",60.056607,10.857369
2012616,"Kullmileveien 15, Nittedal",60.049555,10.856604
2012617,"Kullmileveien 17, Nittedal",60.049457,10.856599
2012618,"Kullmileveien 18, Nittedal",60.0489,10.856479
2012619,"Kullmileveien 13, Nittedal",60.04964,10.856584
2012620,"Kullmileveien 14, Nittedal",60.048738,10.856305
2012622,"Kullmileveien 16, Nittedal",60.048819,10.856378
2012623,"Kullmileveien 10, Nittedal",60.048547,10.856115
2012624,"Kullmileveien 12, Nittedal",60.048629,10.856188
2012645,"Kullmileveien 6, Nittedal",60.048459,10.856543
2012646,"Kullmileveien 8, Nittedal",60.048479,10.855994
2012647,"Kullmileveien 2, Nittedal",60.048623,10.856724
2012648,"Kullmileveien 4, Nittedal",60.04854,10.856641
2012649,"Kullmileveien 19, Nittedal",60.049365,10.856622
2012650,"Kullmileveien 21, Nittedal",60.049283,10.856607
2012748,"Kullmileveien 25, Nittedal",60.049093,10.856618
2012749,"Kullmileveien 1, Nittedal",60.049253,10.85711
2012751,"Kullmileveien 23, Nittedal",60.049188,10.85662
2012752,"Kullmileveien 11, Nittedal",60.04977,10.857103
2012753,"Kullmileveien 7, Nittedal",60.049575,10.85711
2012754,"Kullmileveien 9, Nittedal",60.049676,10.857101
2012755,"Kullmileveien 3, Nittedal",60.049351,10.857112
2012756,"Kullmileveien 5, Nittedal",60.049447,10.857106
2013406,"Rådhusveien 6, Nittedal",60.043487,10.880568
2013916,"Lundveien 5B, Nittedal",60.050517,10.866628
2014156,"Svartkruttveien 179, Nittedal",60.049947,10.860732
2018837,"Mattias skytters vei 185, Nittedal",60.0442,10.880917
2020498,"Gaustadgata 8, Nittedal",60.036492,10.89638
2020499,"Gamleveien 231, Hakadal",60.071878,10.896986
2021061,"Sørliveien 18B, Nittedal",60.057947,10.859955
2024927,"Ringveien 50B, Nittedal",60.062973,10.853007
2024928,"Ringveien 50C, Nittedal",60.063044,10.853181
2024930,"Ringveien 50D, Nittedal",60.063074,10.853275
2027498,"Nyveien 26B, Nittedal",60.053377,10.865656
2029277,"Stjerneveien 8B, Nittedal",60.060804,10.867628
2029554,"Vestliveien 9B, Nittedal",60.061116,10.855554
2029555,"Vestliveien 9C, Nittedal",60.061222,10.855476
2030076,"Utsiktsveien 10C, Nittedal",60.060496,10.867695
2030450,"Utsiktsveien 10D, Nittedal",60.060507,10.867624
2030751,"Georg Frølichs vei 47, Nittedal",60.051021,10.856194
2030753,"Georg Frølichs vei 45, Nittedal",60.051074,10.856309
2030933,"Georg Frølichs vei 23, Nittedal",60.050992,10.856369
2030934,"Georg Frølichs vei 21, Nittedal",60.051042,10.856537
2030935,"Georg Frølichs vei 19, Nittedal",60.051118,10.856654
2030936,"Georg Frølichs vei 17, Nittedal",60.051167,10.856777
2030957,"Georg Frølichs vei 35, Nittedal",60.051143,10.856521
2030958,"Georg Frølichs vei 33, Nittedal",60.051195,10.856612
2030959,"Georg Frølichs vei 31, Nittedal",60.051,10.85631
2030960,"Georg Frølichs vei 29, Nittedal",60.05105,10.856466
2030961,"Georg Frølichs vei 27, Nittedal",60.051132,10.856592
2030962,"Georg Frølichs vei 25, Nittedal",60.05118,10.856715
2030964,"Georg Frølichs vei 43, Nittedal",60.051155,10.856441
2030965,"Georg Frølichs vei 41, Nittedal",60.051212,10.856537
2030968,"Georg Frølichs vei 39, Nittedal",60.051008,10.856257
2030969,"Georg Frølichs vei 37, Nittedal",60.051059,10.856382
2032479,"Kanonsletta 2, Nittedal",60.046558,10.859203
2032482,"Kanonsletta 4, Nittedal",60.04661,10.859368
2032874,"Kanonsletta 10, Nittedal",60.046723,10.859906
2032875,"Kanonsletta 6, Nittedal",60.046653,10.859539
2032877,"Kanonsletta 8, Nittedal",60.046689,10.859723
2033035,"Sørliveien 50F, Nittedal",60.058734,10.854517
2033663,"Sørliveien 50E, Nittedal",60.05849,10.854449
2033664,"Sørliveien 50D, Nittedal",60.058425,10.854469
2033666,"Sørliveien 50C, Nittedal",60.058398,10.854061
2036048,"Laboratorieveien 47, Nittedal",60.048353,10.85978
2036049,"Laboratorieveien 49, Nittedal",60.048303,10.859781
2036050,"Laboratorieveien 51, Nittedal",60.04824,10.859783
2036051,"Laboratorieveien 53, Nittedal",60.048185,10.85976
2036052,"Laboratorieveien 41, Nittedal",60.048497,10.859801
2036054,"Laboratorieveien 43, Nittedal",60.048449,10.859802
2036055,"Laboratorieveien 45, Nittedal",60.048406,10.859799
2036065,"Laboratorieveien 23, Nittedal",60.048699,10.858977
2036066,"Laboratorieveien 37, Nittedal",60.048499,10.859675
2036067,"Laboratorieveien 39, Nittedal",60.048542,10.859807
2036184,"Laboratorieveien 29, Nittedal",60.04874,10.859127
2036185,"Laboratorieveien 31, Nittedal",60.048742,10.859231
2036186,"Laboratorieveien 33, Nittedal",60.048743,10.859333
2036187,"Laboratorieveien 21, Nittedal",60.048854,10.858587
2036188,"Laboratorieveien 25, Nittedal",60.048745,10.858935
2036190,"Laboratorieveien 35, Nittedal",60.048742,10.859423
2036191,"Laboratorieveien 27, Nittedal",60.048741,10.859024
2036193,"Laboratorieveien 15, Nittedal",60.048668,10.85864
2036194,"Laboratorieveien 13, Nittedal",60.048721,10.858661
2036195,"Laboratorieveien 11, Nittedal",60.048772,10.85869
2036243,"Laboratorieveien 5, Nittedal",60.048903,10.858743
2036245,"Laboratorieveien 7, Nittedal",60.048862,10.858726
2036246,"Laboratorieveien 19, Nittedal",60.04857,10.858596
2036247,"Laboratorieveien 9, Nittedal",60.048817,10.858709
2036253,"Laboratorieveien 17, Nittedal",60.048628,10.858609
2038705,"Stasjonsveien 41C, Nittedal",60.053125,10.870569
2038707,"Stasjonsveien 41B, Nittedal",60.053064,10.870618
2039736,"Stjerneveien 11B, Nittedal",60.060277,10.865013
2040967,"Kanonsletta 3, Nittedal",60.046335,10.858745
2040968,"Kanonsletta 5, Nittedal",60.046332,10.858923
2040980,"Kanonsletta 1, Nittedal",60.04633,10.85844
2040981,"Kanonsletta 7, Nittedal",60.046332,10.859085
2041363,"Kanonsletta 19, Nittedal",60.046529,10.860209
2041364,"Kanonsletta 17, Nittedal",60.046488,10.860049
2041365,"Kanonsletta 11, Nittedal",60.046367,10.859509
2041366,"Kanonsletta 9, Nittedal",60.046343,10.85931
2041373,"Kanonsletta 15, Nittedal",60.046447,10.859903
2041374,"Kanonsletta 13, Nittedal",60.046388,10.859704
2043765,"Øvre Huseby 46, Nittedal",60.051906,10.868343
2048194,"Sørliveien 56D, Nittedal",60.058645,10.852397
2048197,"Sørliveien 56C, Nittedal",60.058697,10.852743
2048198,"Sørliveien 56B, Nittedal",60.058532,10.852567
2048307,"Kanonsletta 31, Nittedal",60.047072,10.86108
2048308,"Kanonsletta 29, Nittedal",60.046972,10.861062
2048309,"Kanonsletta 23, Nittedal",60.04664,10.860567
2048310,"Kanonsletta 21, Nittedal",60.046591,10.860419
2048313,"Kanonsletta 27, Nittedal",60.046766,10.860847
2048314,"Kanonsletta 25, Nittedal",60.046701,10.860704
2048342,"Sørliveien 48B, Nittedal",60.058906,10.853916
2048578,"Kanonsletta 37, Nittedal",60.047385,10.861114
2048579,"Kanonsletta 35, Nittedal",60.047257,10.861089
2048580,"Kanonsletta 41, Nittedal",60.047569,10.861166
2048581,"Kanonsletta 39, Nittedal",60.047478,10.861139
2048582,"Kanonsletta 33, Nittedal",60.047168,10.861071
2050341,"Rauerskauveien 608, Nittedal",60.051288,10.889292
2050506,"Øvre Nygård 2B, Nittedal",60.049808,10.871818
2053575,"Laboratorieveien 52, Nittedal",60.048003,10.860942
2053582,"Laboratorieveien 42, Nittedal",60.048209,10.861054
2053583,"Laboratorieveien 48, Nittedal",60.048102,10.861007
2053584,"Laboratorieveien 50, Nittedal",60.048056,10.860974
2053586,"Laboratorieveien 44, Nittedal",60.048175,10.861049
2053589,"Laboratorieveien 46, Nittedal",60.048146,10.861031
2053612,"Laboratorieveien 38, Nittedal",60.048406,10.861125
2053613,"Laboratorieveien 36, Nittedal",60.048443,10.861143
2053615,"Laboratorieveien 40, Nittedal",60.04837,10.861114
2053620,"Laboratorieveien 30, Nittedal",60.048595,10.861141
2053622,"Laboratorieveien 28, Nittedal",60.048641,10.861136
2053625,"Laboratorieveien 34, Nittedal",60.048493,10.861142
2053626,"Laboratorieveien 32, Nittedal",60.048542,10.861143
2055249,"Kvernstuveien 7, Nittedal",60.049972,10.879504
2060204,"Lyngveien 17A, Nittedal",60.061839,10.863037
2060369,"Myrveien 16B, Nittedal",60.056563,10.865146
2062520,"Ringveien 25C, Nittedal",60.061627,10.851303
2062521,"Ringveien 25B, Nittedal",60.061529,10.851323
2065915,"Kruttørkeveien 1, Nittedal",60.047483,10.860466
2065916,"Kruttørkeveien 3, Nittedal",60.04746,10.860333
2065917,"Kruttørkeveien 5, Nittedal",60.047434,10.860199
2065928,"Kruttørkeveien 7, Nittedal",60.047412,10.860051
2067927,"Lysgata 2C, Nittedal",60.057271,10.863092
2067935,"Lysgata 2B, Nittedal",60.057264,10.863181
2068277,"Skogveien 26B, Nittedal",60.063236,10.865563
2068413,"Skolemesterveien 4B, Nittedal",60.05475,10.870503
2068830,"Kruttørkeveien 13, Nittedal",60.047126,10.859219
2068972,"Kruttørkeveien 11, Nittedal",60.047231,10.859493
2069096,"Kruttørkeveien 9, Nittedal",60.047309,10.859772
2069098,"Kruttørkeveien 6, Nittedal",60.047108,10.859917
2069099,"Kruttørkeveien 4, Nittedal",60.047131,10.860078
2069100,"Kruttørkeveien 15, Nittedal",60.047017,10.858929
2069107,"Kruttørkeveien 2, Nittedal",60.047185,10.86021
2069156,"Kruttørkeveien 8, Nittedal",60.047083,10.859757
2069160,"Kruttørkeveien 14, Nittedal",60.04697,10.859336
2069165,"Kruttørkeveien 10, Nittedal",60.047061,10.859603
2069167,"Kruttørkeveien 12, Nittedal",60.047021,10.859468
2069785,"Kruttørkeveien 17, Nittedal",60.046906,10.85865
2071188,"Kruttørkeveien 19, Nittedal",60.046779,10.858273
2071190,"Kruttørkeveien 23, Nittedal",60.046611,10.85819
2071191,"Kruttørkeveien 21, Nittedal",60.046694,10.858232
2071192,"Kruttørkeveien 25, Nittedal",60.046526,10.858135
2072010,"Skolemesterveien 34, Nittedal",60.056708,10.870818
2072696,"Sagerudveien 1A, Nittedal",60.053067,10.868892
2072697,"Sagerudveien 1B, Nittedal",60.05303,10.868749
2075132,"Ringveien 16B, Nittedal",60.061171,10.850261
2075245,"Bråtaveien 5B, Nittedal",60.052781,10.873772
2077113,"Stjerneveien 5C, Nittedal",60.06096,10.866131
2078348,"Vestliveien 11B, Nittedal",60.061512,10.855314
2079579,"Nedre Huseby 7C, Nittedal",60.050583,10.869983
2079580,"Nedre Huseby 7B, Nittedal",60.050725,10.870031
2080871,"Vestliveien 11C, Nittedal",60.061634,10.855537
2081625,"Nyveien 33B, Nittedal",60.052806,10.864413
2085418,"Skolemesterveien 18, Nittedal",60.056182,10.871227
2085419,"Skolemesterveien 16, Nittedal",60.056099,10.871177
2085420,"Skolemesterveien 20, Nittedal",60.056269,10.871279
2085433,"Skolemesterveien 22, Nittedal",60.05648,10.871201
2085434,"Skolemesterveien 24, Nittedal",60.056558,10.871266
2085435,"Skolemesterveien 26, Nittedal",60.056639,10.871334
2085706,"Skolebakken 1A, Nittedal",60.053878,10.871693
2085713,"Skolemesterveien 21, Nittedal",60.055977,10.871654
2085715,"Skolemesterveien 19, Nittedal",60.055846,10.871357
2085717,"Skolemesterveien 25, Nittedal",60.055939,10.871652
2085719,"Skolemesterveien 23, Nittedal",60.055984,10.871819
2085721,"Skolemesterveien 29, Nittedal",60.055908,10.871652
2085723,"Skolemesterveien 27, Nittedal",60.055947,10.871824
2085728,"Skolemesterveien 13, Nittedal",60.055872,10.871211
2085729,"Skolemesterveien 17, Nittedal",60.055841,10.871211
2085731,"Skolemesterveien 36, Nittedal",60.056758,10.870884
2085736,"Skolemesterveien 15, Nittedal",60.055879,10.871352
2085741,"Skolemesterveien 31, Nittedal",60.055917,10.871826
2085962,"Velveien 13, Nittedal",60.051833,10.865781
2086106,"Skogveien 9, Nittedal",60.06137,10.865464
2086517,"Skolebakken 1C, Nittedal",60.053586,10.871314
2086611,"Nyveien 50, Nittedal",60.049619,10.8649
2086612,"Nyveien 52A, Nittedal",60.049639,10.864414
2086613,"Nyveien 54, Nittedal",60.049816,10.864065
2086614,"Nyveien 56, Nittedal",60.049792,10.863503
2086616,"Nyveien 48A, Nittedal",60.049862,10.864847
2086618,"Nyveien 58, Nittedal",60.04982,10.863124
2086619,"Sagerudsvingen 10A, Nittedal",60.050442,10.863246
2086648,"Sagerudsvingen 12, Nittedal",60.050161,10.863104
2086960,"Sagerudsvingen 17, Nittedal",60.050975,10.861048
2086961,"Sagerudsvingen 15, Nittedal",60.050993,10.861366
2086962,"Sagerudsvingen 11, Nittedal",60.050696,10.862057
2086963,"Sagerudsvingen 7, Nittedal",60.050863,10.862881
2086964,"Sagerudsvingen 5, Nittedal",60.051083,10.86286
2086965,"Sagerudsvingen 4, Nittedal",60.051121,10.863255
2086968,"Sagerudsvingen 19, Nittedal",60.050726,10.861191
2086969,"Sagerudsvingen 23A, Nittedal",60.050412,10.861611
2086970,"Sagerudsvingen 27, Nittedal",60.050121,10.862171
2086972,"Sagerudsvingen 21, Nittedal",60.050556,10.861343
2087052,"Ringveien 54B, Nittedal",60.062571,10.852585
2088573,"Sagerudveien 25, Nittedal",60.051693,10.863483
2088730,"Lyngveien 7A, Nittedal",60.061392,10.862981
2089685,"Blindveien 6, Nittedal",60.056871,10.867413
2090619,"Nyveien 52B, Nittedal",60.049568,10.864511
2092711,"Bakkeveien 9, Nittedal",60.05334,10.861349
2092713,"Bakkeveien 11, Nittedal",60.053298,10.861319
2093749,"Skolemesterveien 6B, Nittedal",60.05496,10.870493
2093751,"Skolemesterveien 6C, Nittedal",60.055056,10.870481
2094739,"Nedre Huseby 14, Nittedal",60.050158,10.870494
2094857,"Kvernstua 5, Nittedal",60.045618,10.873813
2094859,"Kvernstua 6, Nittedal",60.045381,10.874847
2100223,"Øvre Nygård 2C, Nittedal",60.049685,10.871948
2100225,"Øvre Nygård 2D, Nittedal",60.049661,10.871932
2101250,"Sagerudsvingen 10B, Nittedal",60.050497,10.863161
2101964,"Nyveien 20A, Nittedal",60.054557,10.86645
2103594,"Branngata 7A, Nittedal",60.052836,10.860853
2103770,"Branngata 7C, Nittedal",60.052661,10.86091
2103771,"Branngata 7B, Nittedal",60.052784,10.860653
2107226,"Høgdaveien 34B, Nittedal",60.062423,10.858813
2107601,"Høgdaveien 34C, Nittedal",60.06246,10.858715
2111377,"Skolemesterveien 6A, Nittedal",60.054871,10.870483
2116829,"Eventyrveien 1B, Nittedal",60.05515,10.859902
2116851,"Eventyrveien 1C, Nittedal",60.055164,10.86002
2166467,"Nyveien 48B, Nittedal",60.049831,10.864989
2166653,"Sagerudsvingen 29, Nittedal",60.04992,10.862605
2168634,"Skolemesterveien 30, Nittedal",60.056612,10.870694
2168694,"Skolemesterveien 32, Nittedal",60.05666,10.870758
2168695,"Skolemesterveien 28, Nittedal",60.056566,10.870629
2180626,"Sagerudsvingen 23B, Nittedal",60.050292,10.861642
2180943,"Øvre Huseby 8, Nittedal",60.05054,10.868294
2180944,"Øvre Huseby 10, Nittedal",60.050613,10.868367
2180946,"Øvre Huseby 12, Nittedal",60.050579,10.867919
2180947,"Øvre Huseby 14, Nittedal",60.05066,10.867935
2180948,"Øvre Huseby 16, Nittedal",60.050823,10.868012
2180949,"Øvre Huseby 18, Nittedal",60.050907,10.868022
2180950,"Øvre Huseby 20, Nittedal",60.05105,10.868127
2180954,"Øvre Huseby 22, Nittedal",60.05114,10.868133
2180955,"Øvre Huseby 24, Nittedal",60.050984,10.868623
2180961,"Øvre Huseby 26, Nittedal",60.051059,10.868667
2184983,"Kvernstua 8, Nittedal",60.045114,10.874575
2184985,"Kvernstua 16, Nittedal",60.045041,10.874174
2184992,"Kvernstujordet 27, Nittedal",60.044738,10.874027
2184993,"Kvernstujordet 29, Nittedal",60.044717,10.873927
2185078,"Kvernstua 14, Nittedal",60.045064,10.874284
2185094,"Kvernstua 10, Nittedal",60.045096,10.874477
2185095,"Kvernstua 12, Nittedal",60.045082,10.874388
2185104,"Kvernstua 18, Nittedal",60.045005,10.87396
2185106,"Kvernstua 20, Nittedal",60.044999,10.873866
2185107,"Kvernstua 22, Nittedal",60.044987,10.873761
2185109,"Kvernstua 24, Nittedal",60.044979,10.873683
2185110,"Kvernstua 26, Nittedal",60.044964,10.873578
2185126,"Kvernstua 28, Nittedal",60.044949,10.873479
2185127,"Kvernstujordet 7, Nittedal",60.044962,10.875123
2185128,"Kvernstujordet 11, Nittedal",60.044918,10.874923
2185135,"Kvernstujordet 19, Nittedal",60.044831,10.874505
2185136,"Kvernstujordet 21, Nittedal",60.044809,10.874415
2185155,"Kvernstujordet 9, Nittedal",60.044935,10.875033
2185156,"Kvernstujordet 23, Nittedal",60.044789,10.874294
2185157,"Kvernstujordet 25, Nittedal",60.044764,10.874122
2185158,"Kvernstujordet 35, Nittedal",60.044633,10.873664
2185160,"Kvernstujordet 33, Nittedal",60.04466,10.873764
2185168,"Kvernstujordet 15, Nittedal",60.044866,10.874683
2185169,"Kvernstujordet 13, Nittedal",60.044897,10.874833
2185172,"Kvernstujordet 17, Nittedal",60.044856,10.874594
2185190,"Kvernstujordet 31, Nittedal",60.044691,10.873859
2185403,"Utsiktsveien 4, Nittedal",60.059711,10.867507
2199861,"Lyngveien 9B, Nittedal",60.061451,10.863681
2256109,"Kvernstujordet 5, Nittedal",60.04531,10.875175
2256110,"Kvernstua 7, Nittedal",60.045218,10.873772
2266045,"Stasjonsveien 61, Nittedal",60.058139,10.867959
2266049,"Stasjonsveien 67, Nittedal",60.058263,10.868086
2330117,"Lyngveien 7B, Nittedal",60.061364,10.863085
2361288,"Tyrihansveien 3B, Nittedal",60.057172,10.853897
2361289,"Tyrihansveien 3A, Nittedal",60.057316,10.853848
2361314,"Veslefrikks vei 21, Nittedal",60.057169,10.853425
2367589,"Kruttverkveien 13B, Nittedal",60.056304,10.86074
2367700,"Kruttverkveien 13A, Nittedal",60.056463,10.860801
2369976,"Askveien 74, Nittedal",60.06639,10.91057
2370180,"Stasjonsveien 65, Nittedal",60.057961,10.868421
2387514,"Berget 19A, Nittedal",60.051132,10.881385
2387516,"Berget 19C, Nittedal",60.051078,10.881255
2387522,"Berget 19B, Nittedal",60.051146,10.88126
2387542,"Berget 17B, Nittedal",60.050797,10.880797
2387576,"Berget 21, Nittedal",60.050779,10.881525
2387611,"Berget 17A, Nittedal",60.050996,10.880868
2422870,"Hadelandsveien 741, Nittedal",60.046682,10.882732
2422918,"Gamleveien 48, Nittedal",60.057467,10.886041
2429985,"Borghild Ruds vei 2, Nittedal",60.043519,10.880137
2430240,"Bjertnestangen 2, Nittedal",60.049467,10.882923
2430714,"Rådhusveien 4, Nittedal",60.043384,10.880575
2430720,"Vågedamveien 25, Nittedal",60.046212,10.857241
2433289,"Kvernstujordet 1, Nittedal",60.045833,10.875664
2433290,"Kvernstua 2, Nittedal",60.045996,10.875149
2433292,"Kvernstua 4, Nittedal",60.045692,10.87502
2433294,"Kvernstujordet 3, Nittedal",60.045626,10.875381
2433296,"Kvernstua 3, Nittedal",60.045845,10.873869
2433299,"Kvernstua 1, Nittedal",60.045963,10.874686
2460369,"Berget 20, Nittedal",60.051057,10.880772
2461067,"Østliveien 1, Nittedal",60.05833,10.858434
2468853,"Askeladdveien 22A, Nittedal",60.053711,10.85855
2468893,"Askeladdveien 22B, Nittedal",60.053554,10.858593
2488934,"Solveien 12A, Nittedal",60.061517,10.867686
2488987,"Solveien 12B, Nittedal",60.061546,10.867578
2489264,"Ringveien 41B, Nittedal",60.061318,10.852019
2489289,"Ringveien 41D, Nittedal",60.061337,10.851713
2489295,"Ringveien 41C, Nittedal",60.061319,10.851811
2489758,"Tyrihansveien 15A, Nittedal",60.055755,10.85401
2489837,"Tyrihansveien 15B, Nittedal",60.055678,10.854051
